4467061,4467052,4467042,4467033,4467023,4467014,4467004,4466994,4466985,4466975,4466966,4466956,4466947,4466937,4466928,4466918,4466908,4466899,4466889,4466880,4466870,4466861,4466851,4466841,4466832,4466822,4466813,4466803,4466794,4466784,4466775,4466765,4466756,4466746,4466736,4466727,4466717,4466708,4466698,4466689,4466679,4466670,4466660,4466651,4466641,4466631,4466622,4466612,4466603,4466593,4466584,4466574,4466565,4466555,4466546,4466536,4466526,4466517,4466507,4466498,4466488,4466479,4466469,4466460,4466450,4466441,4466431,4466421,4466412,4466402,4466393,4466383,4466374,4466364,4466355,4466345,4466336,4466326,4466316,4466307,4466297,4466288,4466278,4466269,4466259,4466250,4466240,4466230,4466221,4466211,4466202,4466192,4466183,4466173,4466164,4466154,4466145,4466135,4466125,4466115,
1,0,0,1,1,2,0,0,0,0,1,2,0,0,1,0,1,1,1,0,0,1,0,1,2,0,0,1,1,1,2,1,0,0,1,1,1,1,0,0,0,1,1,2,0,0,0,1,0,2,0,0,0,1,1,1,1,0,0,0,1,1,3,0,0,0,1,1,2,1,1,0,1,2,1,2,1,0,0,0,1,2,1,0,1,0,1,1,1,0,1,1,1,1,2,0,0,0,0,0,
698,368,80,79,393,726,760,492,163,44,256,630,780,612,269,50,143,510,767,710,386,89,74,380,719,764,503,173,43,246,622,780,621,279,52,136,499,765,717,397,96,66,360,708,768,520,185,42,226,605,780,637,296,55,123,479,760,727,415,107,60,339,694,771,538,201,42,209,589,780,653,312,59,111,459,755,736,432,119,55,321,681,774,555,216,43,194,571,778,666,328,63,101,440,748,745,451,132,51,303,
4623963,4623953,4623944,4623934,4623925,4623915,4623906,4623896,4623886,4623877,4623867,4623858,4623848,4623839,4623829,4623820,4623810,4623800,4623791,4623781,4623772,4623762,4623753,4623743,4623734,4623724,4623715,4623705,4623695,4623686,4623676,4623667,4623657,4623648,4623638,4623629,4623619,4623610,4623600,4623590,4623581,4623571,4623562,4623552,4623543,4623533,4623524,4623514,4623505,4623495,4623485,4623476,4623466,4623457,4623447,4623438,4623428,4623419,4623409,4623400,4623390,4623380,4623371,4623361,4623352,4623342,4623333,4623323,4623314,4623304,4623295,4623285,4623275,4623266,4623256,4623247,4623237,4623228,4623218,4623209,4623199,4623190,4623180,4623170,4623161,4623151,4623142,4623132,4623123,4623113,4623104,4623094,4623084,4623075,4623065,4623056,4623046,4623037,4623027,4623017,
1,0,0,0,1,1,2,0,1,0,0,1,2,0,0,0,0,1,1,1,1,0,0,0,1,2,0,0,0,0,1,2,0,1,1,0,1,1,1,1,0,1,1,1,2,0,0,0,0,0,2,0,0,1,0,1,1,2,1,0,0,0,1,3,0,0,1,0,1,1,1,0,0,0,1,1,2,0,0,0,0,1,2,1,0,1,1,1,0,1,0,0,0,1,1,2,1,0,0,1,
766,712,390,91,69,368,712,766,514,181,42,234,612,780,631,289,54,128,487,763,723,408,102,62,348,700,770,531,195,42,216,596,780,646,305,57,116,468,757,733,425,114,57,328,687,773,546,211,42,200,578,778,661,322,61,105,448,750,741,443,126,52,308,673,776,566,226,44,183,561,776,675,340,67,94,428,742,749,461,139,48,288,658,778,583,242,46,168,542,773,689,356,74,85,408,734,756,478,153,45,
4723007,4722997,4722988,4722978,4722969,4722959,4722949,4722940,4722930,4722921,4722911,4722902,4722892,4722883,4722873,4722864,4722854,4722844,4722835,4722825,4722816,4722806,4722797,4722787,4722778,4722768,4722759,4722749,4722739,4722730,4722720,4722711,4722701,4722692,4722682,4722673,4722663,4722653,4722644,4722634,4722625,4722615,4722606,4722596,4722587,4722577,4722568,4722558,4722548,4722539,4722529,4722520,4722510,4722501,4722491,4722482,4722472,4722463,4722453,4722443,4722434,4722424,4722415,4722405,4722396,4722386,4722377,4722367,4722358,4722348,4722338,4722329,4722319,4722310,4722300,4722291,4722281,4722272,4722262,4722253,4722243,4722233,4722224,4722214,4722205,4722195,4722186,4722176,4722167,4722157,4722148,4722138,4722128,4722119,4722109,4722100,4722090,4722081,4722071,4722061,
1,0,0,1,1,1,0,0,0,1,0,2,1,0,1,0,1,1,1,1,0,0,1,1,1,0,2,0,0,1,2,0,0,0,0,1,2,0,0,0,0,1,1,1,0,1,0,0,1,2,0,1,0,1,0,1,1,0,0,0,1,1,2,0,0,1,0,1,2,0,0,0,1,1,1,2,0,0,0,0,1,2,0,0,0,0,1,2,0,1,0,0,1,1,1,1,0,1,0,1,
616,273,51,140,505,766,713,391,92,69,367,711,766,514,181,42,233,612,780,632,289,54,127,486,762,723,408,102,62,347,699,770,532,196,42,216,596,780,647,306,57,115,466,757,733,426,114,57,327,685,773,549,211,43,198,578,778,662,323,61,104,447,750,742,444,127,52,307,672,776,566,227,44,183,560,776,676,340,67,94,427,742,747,462,140,48,287,658,778,584,243,46,167,541,773,690,358,74,84,409,
4823004,4822995,4822985,4822976,4822966,4822957,4822947,4822938,4822928,4822919,4822909,4822899,4822890,4822880,4822871,4822861,4822852,4822842,4822833,4822823,4822814,4822804,4822794,4822785,4822775,4822766,4822756,4822747,4822737,4822728,4822718,4822709,4822699,4822689,4822680,4822670,4822661,4822651,4822642,4822632,4822623,4822613,4822604,4822594,4822584,4822575,4822565,4822556,4822546,4822537,4822527,4822518,4822508,4822499,4822489,4822479,4822470,4822460,4822451,4822441,4822432,4822422,4822413,4822403,4822394,4822384,4822374,4822365,4822355,4822346,4822336,4822327,4822317,4822308,4822298,4822289,4822279,4822269,4822260,4822250,4822241,4822231,4822222,4822212,4822203,4822193,4822183,4822174,4822164,4822155,4822145,4822136,4822126,4822117,4822107,4822098,4822088,4822078,4822069,4822059,
0,1,2,0,1,1,1,1,2,1,1,0,1,1,1,1,0,1,0,0,1,2,0,0,0,1,1,2,0,0,0,1,1,1,1,1,0,0,1,0,2,1,0,0,0,1,2,1,0,0,1,1,1,1,0,0,0,0,1,2,0,0,0,1,1,2,0,1,0,0,1,1,1,0,0,0,1,1,2,1,1,0,0,0,1,1,0,0,0,1,0,1,1,0,1,0,1,3,0,1,
105,449,751,741,443,126,52,308,673,776,566,226,44,184,561,776,675,339,67,95,429,743,749,460,139,48,290,659,777,582,241,46,169,544,773,688,355,74,85,409,734,756,478,154,46,270,644,779,600,257,48,155,525,771,700,373,82,77,392,724,762,496,166,44,252,629,780,615,272,51,141,506,766,712,389,91,69,369,712,766,513,180,42,234,613,780,630,288,53,128,488,763,722,407,102,63,348,701,770,529,
4923010,4923000,4922991,4922981,4922972,4922962,4922953,4922943,4922934,4922924,4922915,4922905,4922895,4922886,4922876,4922867,4922857,4922848,4922838,4922829,4922819,4922810,4922800,4922790,4922781,4922771,4922762,4922752,4922743,4922733,4922724,4922714,4922704,4922695,4922685,4922676,4922666,4922657,4922647,4922638,4922628,4922619,4922609,4922599,4922590,4922580,4922571,4922561,4922552,4922542,4922533,4922523,4922514,4922504,4922494,4922485,4922475,4922466,4922456,4922447,4922437,4922428,4922418,4922409,4922399,4922389,4922380,4922370,4922361,4922351,4922342,4922332,4922323,4922313,4922304,4922294,4922284,4922275,4922265,4922256,4922246,4922237,4922227,4922218,4922208,4922199,4922189,4922179,4922170,4922160,4922151,4922141,4922132,4922122,4922113,4922103,4922094,4922084,4922074,4922065,
2,0,0,0,0,1,2,1,0,0,0,1,1,1,0,0,0,1,1,2,0,0,1,1,1,2,0,0,0,0,1,1,1,1,1,0,1,1,2,1,0,1,0,1,2,1,0,0,1,1,1,1,0,1,1,1,1,2,1,0,1,0,1,2,1,1,0,0,1,1,1,0,0,0,0,0,3,0,0,0,0,1,1,1,0,0,0,0,1,2,0,0,1,0,1,2,0,3,0,1,
739,752,468,145,47,281,653,781,590,248,47,162,535,772,693,363,77,82,400,729,758,486,158,44,262,638,780,606,264,49,148,517,768,705,380,86,73,380,719,764,504,172,43,244,621,780,622,280,52,135,498,765,717,397,96,66,359,707,768,522,187,42,226,605,780,638,296,56,123,479,763,727,414,107,60,341,695,772,538,201,42,210,589,780,652,312,58,112,461,755,736,431,118,55,322,683,775,554,214,43,
5023010,5023000,5022991,5022981,5022972,5022962,5022953,5022943,5022934,5022924,5022914,5022905,5022895,5022886,5022876,5022867,5022857,5022848,5022838,5022829,5022819,5022809,5022800,5022790,5022781,5022771,5022762,5022752,5022743,5022733,5022724,5022714,5022704,5022695,5022685,5022676,5022666,5022657,5022647,5022638,5022628,5022619,5022609,5022599,5022590,5022580,5022571,5022561,5022552,5022542,5022533,5022523,5022514,5022504,5022494,5022485,5022475,5022466,5022456,5022447,5022437,5022428,5022418,5022409,5022399,5022389,5022380,5022370,5022361,5022351,5022342,5022332,5022323,5022313,5022303,5022294,5022284,5022275,5022265,5022256,5022246,5022237,5022227,5022218,5022208,5022198,5022189,5022179,5022170,5022160,5022151,5022141,5022132,5022122,5022113,5022103,5022093,5022084,5022074,5022065,
0,1,1,1,1,0,0,1,1,0,2,1,0,1,1,1,2,0,1,1,1,1,1,1,0,0,0,1,1,2,0,0,0,1,1,2,1,0,0,0,1,1,1,1,0,0,1,1,2,0,0,0,1,1,1,0,0,0,0,1,1,2,1,0,1,0,1,2,0,1,0,1,1,1,0,0,0,0,0,1,1,1,0,0,0,1,2,0,0,0,0,1,1,0,1,0,0,1,1,2,
254,48,157,528,770,698,370,80,79,392,725,761,492,164,44,255,632,780,612,269,50,143,510,767,710,386,89,71,373,714,765,509,177,43,237,616,780,627,285,53,131,492,763,720,403,99,64,353,703,769,527,192,42,220,600,780,643,301,56,119,472,758,731,421,111,58,333,690,773,544,207,42,203,582,779,658,318,61,107,452,752,740,440,124,53,312,676,775,562,223,43,186,564,777,673,336,66,97,434,748,
5123021,5123012,5123002,5122992,5122983,5122973,5122964,5122954,5122945,5122935,5122926,5122916,5122907,5122897,5122887,5122878,5122868,5122859,5122849,5122840,5122830,5122821,5122811,5122801,5122792,5122782,5122773,5122763,5122754,5122744,5122735,5122725,5122716,5122706,5122696,5122687,5122677,5122668,5122658,5122649,5122639,5122630,5122620,5122611,5122601,5122591,5122582,5122572,5122563,5122553,5122544,5122534,5122525,5122515,5122506,5122496,5122486,5122477,5122467,5122458,5122448,5122439,5122429,5122420,5122410,5122401,5122391,5122381,5122372,5122362,5122353,5122343,5122334,5122324,5122315,5122305,5122296,5122286,5122276,5122267,5122257,5122248,5122238,5122229,5122219,5122210,5122200,5122191,5122181,5122171,5122162,5122152,5122143,5122133,5122124,5122114,5122105,5122095,5122085,5122076,
1,0,2,0,0,0,0,0,1,1,1,1,0,1,1,2,0,1,0,1,1,2,1,0,0,0,1,1,1,0,0,1,1,1,2,0,0,0,0,1,2,0,0,0,0,2,1,1,0,0,0,0,1,2,0,0,2,0,1,2,1,0,0,0,1,1,1,0,0,1,1,1,2,1,0,0,1,1,2,1,0,0,0,1,1,1,1,0,0,0,1,2,0,0,1,0,1,2,0,1,
58,333,690,770,545,207,42,203,582,779,658,319,60,108,452,752,740,439,123,53,313,677,775,561,222,44,187,565,777,672,336,66,97,433,745,748,457,136,49,293,662,778,578,238,45,172,547,774,685,352,72,88,412,735,754,474,149,46,275,648,779,595,253,49,157,529,771,698,369,80,79,393,726,761,492,163,44,256,632,780,611,269,50,143,510,765,710,386,89,71,373,714,766,510,177,42,238,616,781,621,
5223038,5223029,5223019,5223010,5223000,5222991,5222981,5222972,5222962,5222952,5222943,5222933,5222924,5222914,5222905,5222895,5222886,5222876,5222866,5222857,5222847,5222838,5222828,5222819,5222809,5222800,5222790,5222781,5222771,5222761,5222752,5222742,5222733,5222723,5222714,5222704,5222695,5222685,5222676,5222666,5222656,5222647,5222637,5222628,5222618,5222609,5222599,5222590,5222580,5222571,5222561,5222551,5222542,5222532,5222523,5222513,5222504,5222494,5222485,5222475,5222466,5222456,5222446,5222437,5222427,5222418,5222408,5222399,5222389,5222380,5222370,5222361,5222351,5222341,5222332,5222322,5222313,5222303,5222294,5222284,5222275,5222265,5222256,5222246,5222236,5222227,5222217,5222208,5222198,5222189,5222179,5222170,5222160,5222150,5222141,5222131,5222122,5222112,5222103,5222093,
1,1,0,1,0,1,1,1,1,0,0,0,1,0,2,0,0,0,0,1,1,0,1,0,0,1,1,2,0,0,0,0,1,2,1,0,1,3,1,1,1,1,0,0,1,0,2,0,1,1,0,1,2,0,1,0,1,1,1,1,0,0,0,1,1,2,1,0,0,1,1,2,0,0,0,0,1,1,1,0,0,0,0,1,2,0,0,0,0,1,2,0,0,0,0,1,1,1,0,0,
220,599,780,643,302,56,118,471,758,731,422,112,58,332,689,773,545,208,42,202,582,779,658,319,60,107,452,752,740,440,124,53,312,676,776,562,223,44,186,564,777,673,336,66,96,432,744,748,458,137,49,292,661,777,579,238,45,171,546,773,686,353,74,87,412,735,755,475,149,46,273,647,779,596,254,48,156,528,770,698,370,80,78,392,725,761,493,164,44,255,632,781,612,270,50,143,510,767,709,379,
5323045,5323036,5323026,5323017,5323007,5322998,5322988,5322979,5322969,5322959,5322950,5322940,5322931,5322921,5322912,5322902,5322893,5322883,5322873,5322864,5322854,5322845,5322835,5322826,5322816,5322807,5322797,5322788,5322778,5322768,5322759,5322749,5322740,5322730,5322721,5322711,5322702,5322692,5322683,5322673,5322663,5322654,5322644,5322635,5322625,5322616,5322606,5322597,5322587,5322578,5322568,5322558,5322549,5322539,5322530,5322520,5322511,5322501,5322492,5322482,5322473,5322463,5322453,5322444,5322434,5322425,5322415,5322406,5322396,5322387,5322377,5322368,5322358,5322348,5322339,5322329,5322320,5322310,5322301,5322291,5322282,5322272,5322263,5322253,5322243,5322234,5322224,5322215,5322205,5322196,5322186,5322177,5322167,5322157,5322148,5322138,5322129,5322119,5322110,5322100,
1,0,0,1,1,1,2,1,0,0,0,1,2,1,1,1,1,1,1,1,0,0,0,1,1,2,1,0,1,0,1,2,1,0,0,0,0,1,2,0,0,0,0,1,2,1,1,0,0,1,1,1,1,0,0,1,1,2,0,0,0,1,1,2,1,0,0,0,1,1,1,0,2,1,1,1,2,0,1,0,1,1,2,1,0,1,1,1,1,0,1,0,0,0,1,2,0,0,0,1,
764,717,397,96,65,360,707,768,521,186,42,226,606,780,637,296,55,123,480,761,727,412,106,60,340,696,772,537,201,42,210,590,780,651,311,58,112,461,755,736,431,118,56,322,684,774,553,215,43,195,573,778,665,327,62,102,442,749,744,448,130,51,303,669,776,570,230,44,179,556,776,679,344,68,92,423,740,751,465,142,48,284,655,778,587,245,46,165,538,772,691,360,76,83,404,731,757,482,154,46,
5423038,5423028,5423019,5423009,5423000,5422990,5422981,5422971,5422962,5422952,5422943,5422933,5422923,5422914,5422904,5422895,5422885,5422876,5422866,5422857,5422847,5422838,5422828,5422818,5422809,5422799,5422790,5422780,5422771,5422761,5422752,5422742,5422733,5422723,5422713,5422704,5422694,5422685,5422675,5422666,5422656,5422647,5422637,5422628,5422618,5422608,5422599,5422589,5422580,5422570,5422561,5422551,5422542,5422532,5422522,5422513,5422503,5422494,5422484,5422475,5422465,5422456,5422446,5422437,5422427,5422417,5422408,5422398,5422389,5422379,5422370,5422360,5422351,5422341,5422332,5422322,5422312,5422303,5422293,5422284,5422274,5422265,5422255,5422246,5422236,5422227,5422217,5422207,5422198,5422188,5422179,5422169,5422160,5422150,5422141,5422131,5422122,5422112,5422102,5422093,
0,1,1,2,0,0,0,0,1,2,0,0,0,0,1,1,1,1,0,0,0,1,2,1,0,0,1,1,2,0,0,0,0,1,1,1,0,0,0,1,1,2,0,1,0,1,0,2,0,0,0,1,1,1,1,0,1,0,0,1,1,0,0,0,1,3,2,0,0,0,1,1,1,1,0,0,1,1,1,3,0,1,0,1,1,2,0,1,0,0,0,1,1,0,1,0,0,1,2,1,
65,97,433,745,747,457,136,49,293,662,777,579,238,45,171,547,774,685,352,72,88,413,736,754,474,149,46,274,648,778,595,253,48,157,529,770,698,369,80,79,393,725,761,492,163,44,256,632,780,612,269,50,144,510,767,710,386,89,71,373,714,765,509,177,42,238,616,781,628,285,53,131,492,763,720,403,99,65,353,703,769,526,192,42,221,600,780,643,301,56,119,472,759,730,421,111,58,333,692,773,
5523046,5523037,5523027,5523018,5523008,5522998,5522989,5522979,5522970,5522960,5522951,5522941,5522932,5522922,5522913,5522903,5522893,5522884,5522874,5522865,5522855,5522846,5522836,5522827,5522817,5522808,5522798,5522788,5522779,5522769,5522760,5522750,5522741,5522731,5522722,5522712,5522703,5522693,5522683,5522674,5522664,5522655,5522645,5522636,5522626,5522617,5522607,5522598,5522588,5522578,5522569,5522559,5522550,5522540,5522531,5522521,5522512,5522502,5522493,5522483,5522473,5522464,5522454,5522445,5522435,5522426,5522416,5522407,5522397,5522387,5522378,5522368,5522359,5522349,5522340,5522330,5522321,5522311,5522302,5522292,5522282,5522273,5522263,5522254,5522244,5522235,5522225,5522216,5522206,5522197,5522187,5522177,5522168,5522158,5522149,5522139,5522130,5522120,5522110,5522101,
1,2,1,0,0,0,1,1,1,0,0,0,1,1,2,0,0,0,0,0,2,1,0,0,1,1,1,1,0,0,0,1,1,2,1,0,0,0,1,2,1,0,0,0,1,1,1,0,0,0,1,1,2,0,0,0,1,1,2,0,0,0,1,1,1,1,0,0,0,1,1,2,1,0,0,1,1,2,0,0,0,0,1,1,1,1,0,0,0,1,2,0,0,0,0,1,1,0,0,1,
335,691,773,542,205,42,205,584,779,657,317,60,108,454,752,739,437,122,54,314,678,773,560,221,44,189,567,777,671,334,65,98,434,745,747,455,135,50,295,664,777,577,236,45,173,549,774,684,350,72,88,414,737,754,473,148,46,277,649,778,593,251,47,159,531,771,697,367,79,80,396,727,760,490,161,44,258,634,780,609,267,50,145,513,768,708,384,88,72,375,716,765,507,175,43,240,618,780,624,276,
5623038,5623029,5623019,5623010,5623000,5622991,5622981,5622972,5622962,5622952,5622943,5622933,5622924,5622914,5622905,5622895,5622886,5622876,5622866,5622857,5622847,5622838,5622828,5622819,5622809,5622800,5622790,5622781,5622771,5622761,5622752,5622742,5622733,5622723,5622714,5622704,5622695,5622685,5622676,5622666,5622656,5622647,5622637,5622628,5622618,5622609,5622599,5622590,5622580,5622571,5622561,5622551,5622542,5622532,5622523,5622513,5622504,5622494,5622485,5622475,5622466,5622456,5622446,5622437,5622427,5622418,5622408,5622399,5622389,5622380,5622370,5622361,5622351,5622341,5622332,5622322,5622313,5622303,5622294,5622284,5622275,5622265,5622256,5622246,5622236,5622227,5622217,5622208,5622198,5622189,5622179,5622170,5622160,5622150,5622141,5622131,5622122,5622112,5622103,5622093,
0,1,1,1,3,1,0,1,0,1,1,1,1,0,1,1,1,1,0,1,0,0,1,2,0,1,1,1,1,1,1,0,0,1,1,1,1,0,0,0,0,1,2,0,0,1,0,1,1,0,0,0,0,0,1,2,0,0,0,0,1,3,0,0,0,0,1,1,0,0,1,0,0,3,1,0,1,0,1,1,2,0,0,1,0,1,2,0,1,0,0,1,1,2,0,1,0,1,0,2,
388,90,70,371,713,766,512,179,42,236,614,780,629,287,53,129,489,763,722,405,101,64,350,701,770,529,194,42,219,598,780,644,303,56,118,470,758,732,423,112,57,331,689,773,546,208,42,202,581,779,659,320,60,106,451,752,740,440,124,53,312,676,776,563,223,44,186,564,777,673,336,65,96,432,744,748,457,136,49,293,661,777,579,238,45,171,546,774,686,353,72,86,411,735,755,476,150,46,274,653,
5723046,5723037,5723027,5723018,5723008,5722998,5722989,5722979,5722970,5722960,5722951,5722941,5722932,5722922,5722913,5722903,5722893,5722884,5722874,5722865,5722855,5722846,5722836,5722827,5722817,5722808,5722798,5722788,5722779,5722769,5722760,5722750,5722741,5722731,5722722,5722712,5722703,5722693,5722683,5722674,5722664,5722655,5722645,5722636,5722626,5722617,5722607,5722598,5722588,5722578,5722569,5722559,5722550,5722540,5722531,5722521,5722512,5722502,5722493,5722483,5722473,5722464,5722454,5722445,5722435,5722426,5722416,5722407,5722397,5722387,5722378,5722368,5722359,5722349,5722340,5722330,5722321,5722311,5722302,5722292,5722282,5722273,5722263,5722254,5722244,5722235,5722225,5722216,5722206,5722197,5722187,5722177,5722168,5722158,5722149,5722139,5722130,5722120,5722110,5722101,
1,1,2,0,1,1,0,1,1,1,0,0,1,1,1,2,0,0,0,0,1,2,1,1,0,0,0,1,1,0,0,0,0,1,4,1,1,0,0,0,2,0,0,0,0,1,1,1,0,0,0,0,1,2,0,0,0,1,1,1,2,1,0,0,1,1,2,1,0,0,1,1,2,0,0,0,0,1,1,1,0,2,1,0,1,2,0,0,0,0,1,2,0,0,0,1,1,1,0,0,
44,261,636,780,607,265,49,146,515,768,708,382,87,73,377,717,764,506,174,43,242,620,780,624,281,52,134,496,764,718,400,97,66,358,705,768,523,188,42,225,604,781,639,298,55,121,477,760,728,417,108,59,337,693,772,541,204,42,207,586,780,655,315,59,109,456,754,738,436,121,54,316,679,775,559,220,43,190,568,777,669,332,64,99,436,746,746,454,134,50,297,665,777,576,235,45,174,550,775,677,
5823039,5823030,5823020,5823010,5823001,5822991,5822982,5822972,5822963,5822953,5822944,5822934,5822925,5822915,5822905,5822896,5822886,5822877,5822867,5822858,5822848,5822839,5822829,5822820,5822810,5822800,5822791,5822781,5822772,5822762,5822753,5822743,5822734,5822724,5822715,5822705,5822695,5822686,5822676,5822667,5822657,5822648,5822638,5822629,5822619,5822610,5822600,5822590,5822581,5822571,5822562,5822552,5822543,5822533,5822524,5822514,5822505,5822495,5822485,5822476,5822466,5822457,5822447,5822438,5822428,5822419,5822409,5822399,5822390,5822380,5822371,5822361,5822352,5822342,5822333,5822323,5822314,5822304,5822294,5822285,5822275,5822266,5822256,5822247,5822237,5822228,5822218,5822209,5822199,5822189,5822180,5822170,5822161,5822151,5822142,5822132,5822123,5822113,5822103,5822094,
1,0,1,1,1,2,0,0,1,0,1,1,1,0,0,0,1,0,2,0,0,0,0,1,2,1,0,0,0,1,1,1,0,0,0,1,1,2,0,1,0,1,0,1,1,0,0,0,1,1,1,0,0,0,1,1,2,0,0,0,0,1,1,0,1,1,0,0,0,2,0,0,0,0,1,2,0,1,0,0,1,1,1,1,0,0,1,1,2,3,1,0,0,1,2,0,0,0,0,1,
762,498,168,43,249,626,780,618,275,51,138,503,766,714,393,93,68,365,710,767,517,183,42,231,610,780,633,292,54,126,484,761,724,410,104,61,345,699,771,533,197,42,214,594,779,648,307,57,115,466,757,734,427,115,56,326,686,773,550,212,43,198,577,778,662,324,62,103,446,750,743,445,128,52,306,672,776,568,228,44,182,559,776,677,341,67,93,426,742,750,463,140,48,287,657,778,584,242,45,173,
