4517575,4517566,4517556,4517547,4517537,4517528,4517518,4517509,4517499,4517489,4517480,4517470,4517461,4517451,4517442,4517432,4517423,4517413,4517404,4517394,4517384,4517375,4517365,4517356,4517346,4517337,4517327,4517317,4517308,4517298,4517289,4517279,4517270,4517260,4517251,4517241,4517232,4517222,4517212,4517203,4517193,4517184,4517174,4517165,4517155,4517146,4517136,4517126,4517117,4517107,4517098,4517088,4517079,4517069,4517060,4517050,4517041,4517031,4517021,4517012,4517002,4516993,4516983,4516974,4516964,4516955,4516945,4516936,4516926,4516916,4516907,4516897,4516888,4516878,4516869,4516859,4516850,4516840,4516831,4516821,4516811,4516802,4516792,4516783,4516773,4516764,4516754,4516745,4516735,4516726,4516716,4516706,4516697,4516687,4516678,4516668,4516659,4516649,4516640,4516629,
0,1,1,3,4,0,0,1,1,0,0,1,0,0,2,1,2,1,0,0,1,1,2,0,1,0,0,1,1,0,0,0,0,1,0,2,0,0,0,0,1,2,1,0,0,0,0,1,1,0,0,0,1,1,2,0,0,0,0,1,2,1,1,0,0,1,1,1,0,1,0,0,0,2,1,0,0,1,1,2,0,1,0,0,1,1,1,1,0,0,1,1,2,1,0,0,1,1,2,0,
109,59,336,692,772,542,205,42,206,585,779,656,316,59,109,455,753,739,437,122,54,317,684,774,552,214,43,196,574,778,665,326,62,102,443,749,744,448,130,51,303,670,776,569,229,44,180,557,775,678,344,69,92,425,740,751,465,143,48,283,655,778,588,246,46,163,537,772,693,362,77,82,401,730,758,485,157,45,263,638,779,605,263,49,150,518,768,705,380,85,74,380,719,764,504,173,43,244,622,781,
4674348,4674338,4674329,4674319,4674310,4674300,4674291,4674281,4674271,4674262,4674252,4674243,4674233,4674224,4674214,4674205,4674195,4674186,4674176,4674166,4674157,4674147,4674138,4674128,4674119,4674109,4674100,4674090,4674081,4674071,4674061,4674052,4674042,4674033,4674023,4674014,4674004,4673995,4673985,4673975,4673966,4673956,4673947,4673937,4673928,4673918,4673909,4673899,4673890,4673880,4673870,4673861,4673851,4673842,4673832,4673823,4673813,4673804,4673794,4673785,4673775,4673765,4673756,4673746,4673737,4673727,4673718,4673708,4673699,4673689,4673680,4673670,4673660,4673651,4673641,4673632,4673622,4673613,4673603,4673594,4673584,4673575,4673565,4673555,4673546,4673536,4673527,4673517,4673508,4673498,4673489,4673479,4673470,4673460,4673450,4673441,4673431,4673422,4673412,4673402,
1,1,1,0,0,0,1,1,2,0,0,0,1,1,2,1,1,0,0,1,1,1,0,0,0,1,1,2,0,0,0,1,1,2,0,0,0,0,1,1,1,1,0,0,0,1,3,0,0,0,0,1,1,0,0,0,1,1,1,1,0,1,0,1,1,2,1,1,1,0,1,2,1,1,1,0,1,1,2,0,0,0,0,1,2,0,0,0,1,1,1,1,0,1,1,0,1,2,0,0,
162,534,771,694,364,78,81,398,728,759,488,159,45,260,636,780,607,265,50,147,515,768,707,382,87,73,377,717,764,506,174,43,241,620,780,624,282,53,135,497,765,717,398,96,66,359,706,768,522,188,42,225,604,780,638,297,55,123,477,760,728,416,108,60,338,693,772,540,203,42,208,587,780,654,314,59,110,458,754,737,434,120,55,318,680,774,557,218,43,191,570,778,668,331,64,99,437,746,746,451,
4774007,4773997,4773988,4773978,4773969,4773959,4773950,4773940,4773930,4773921,4773911,4773902,4773892,4773883,4773873,4773864,4773854,4773845,4773835,4773825,4773816,4773806,4773797,4773787,4773778,4773768,4773759,4773749,4773740,4773730,4773720,4773711,4773701,4773692,4773682,4773673,4773663,4773654,4773644,4773634,4773625,4773615,4773606,4773596,4773587,4773577,4773568,4773558,4773549,4773539,4773529,4773520,4773510,4773501,4773491,4773482,4773472,4773463,4773453,4773444,4773434,4773424,4773415,4773405,4773396,4773386,4773377,4773367,4773358,4773348,4773339,4773329,4773319,4773310,4773300,4773291,4773281,4773272,4773262,4773253,4773243,4773234,4773224,4773214,4773205,4773195,4773186,4773176,4773167,4773157,4773148,4773138,4773129,4773119,4773109,4773100,4773090,4773081,4773071,4773061,
2,1,0,0,0,1,2,0,0,0,1,0,1,1,1,1,1,0,1,2,0,0,0,0,0,1,1,0,0,0,1,1,2,0,1,1,0,1,2,2,0,0,1,1,1,1,0,0,1,1,1,2,0,3,0,0,1,2,1,0,0,1,1,1,1,1,1,1,1,1,2,0,0,0,0,1,2,0,0,0,0,1,1,1,1,0,0,1,1,2,1,0,0,0,1,2,1,0,0,1,
705,769,524,189,42,223,602,780,639,300,56,120,474,759,729,419,110,58,334,691,773,543,206,42,205,584,779,657,317,60,108,454,753,739,438,122,54,314,677,775,560,221,43,188,566,778,671,334,65,98,434,745,747,456,135,49,295,663,777,578,237,45,173,548,774,685,351,72,88,414,736,754,474,151,46,276,648,778,594,252,48,158,530,770,697,368,79,79,394,726,761,491,163,44,257,632,780,611,269,50,
4874006,4873996,4873987,4873977,4873967,4873958,4873948,4873939,4873929,4873920,4873910,4873901,4873891,4873882,4873872,4873862,4873853,4873843,4873834,4873824,4873815,4873805,4873796,4873786,4873776,4873767,4873757,4873748,4873738,4873729,4873719,4873710,4873700,4873691,4873681,4873671,4873662,4873652,4873643,4873633,4873624,4873614,4873605,4873595,4873586,4873576,4873566,4873557,4873547,4873538,4873528,4873519,4873509,4873500,4873490,4873481,4873471,4873461,4873452,4873442,4873433,4873423,4873414,4873404,4873395,4873385,4873375,4873366,4873356,4873347,4873337,4873328,4873318,4873309,4873299,4873290,4873280,4873270,4873261,4873251,4873242,4873232,4873223,4873213,4873204,4873194,4873185,4873175,4873165,4873156,4873146,4873137,4873127,4873118,4873108,4873099,4873089,4873080,4873070,4873060,
0,1,2,0,0,0,1,1,0,1,0,0,1,1,1,3,0,0,0,1,1,2,1,0,1,0,0,1,1,1,0,0,0,1,2,1,0,0,1,1,2,1,0,1,0,1,1,1,0,0,0,0,1,2,0,0,0,1,1,1,0,0,0,1,1,1,2,1,1,1,1,1,2,0,1,0,0,1,1,1,0,0,1,1,1,2,0,0,0,0,0,2,1,0,0,0,1,1,0,1,
45,270,643,779,600,257,48,153,524,769,701,374,83,76,387,722,762,497,167,44,250,630,780,614,272,51,142,507,766,712,389,91,70,369,712,766,513,180,43,234,613,780,631,289,54,128,487,762,723,408,102,62,347,699,770,532,196,42,215,595,780,647,306,57,115,466,757,733,426,115,57,326,686,773,550,212,43,198,577,778,663,324,62,104,446,749,742,445,128,52,305,672,776,568,228,44,181,558,776,676,
4974006,4973996,4973987,4973977,4973968,4973958,4973949,4973939,4973930,4973920,4973910,4973901,4973891,4973882,4973872,4973863,4973853,4973844,4973834,4973824,4973815,4973805,4973796,4973786,4973777,4973767,4973758,4973748,4973739,4973729,4973719,4973710,4973700,4973691,4973681,4973672,4973662,4973653,4973643,4973634,4973624,4973614,4973605,4973595,4973586,4973576,4973567,4973557,4973548,4973538,4973529,4973519,4973509,4973500,4973490,4973481,4973471,4973462,4973452,4973443,4973433,4973424,4973414,4973404,4973395,4973385,4973376,4973366,4973357,4973347,4973338,4973328,4973319,4973309,4973299,4973290,4973280,4973271,4973261,4973252,4973242,4973233,4973223,4973213,4973204,4973194,4973185,4973175,4973166,4973156,4973147,4973137,4973128,4973118,4973108,4973099,4973089,4973080,4973070,4973060,
1,1,0,0,1,1,0,0,0,1,1,2,0,0,1,0,1,1,0,0,0,0,1,1,2,0,0,0,1,1,2,0,0,0,0,1,1,0,0,1,0,1,1,2,1,0,0,1,1,2,1,0,0,1,1,1,1,0,0,0,1,1,2,0,0,0,0,1,2,0,0,0,0,1,1,1,0,0,0,1,1,2,0,0,0,1,1,2,0,1,1,1,1,1,1,0,0,0,1,1,
650,310,58,113,462,756,735,430,117,56,323,683,774,553,214,43,197,577,778,663,325,62,104,445,749,743,445,128,51,306,671,776,568,228,44,181,558,776,678,342,68,93,424,741,751,465,142,48,284,655,778,586,245,46,164,538,772,692,360,76,83,403,731,758,483,156,45,265,640,779,604,262,49,150,519,768,704,378,85,75,382,720,764,502,171,43,245,623,780,621,279,52,136,499,765,716,397,95,67,362,
5074015,5074006,5073996,5073986,5073977,5073967,5073958,5073948,5073939,5073929,5073920,5073910,5073901,5073891,5073881,5073872,5073862,5073853,5073843,5073834,5073824,5073815,5073805,5073796,5073786,5073776,5073767,5073757,5073748,5073738,5073729,5073719,5073710,5073700,5073690,5073681,5073671,5073662,5073652,5073643,5073633,5073624,5073614,5073605,5073595,5073585,5073576,5073566,5073557,5073547,5073538,5073528,5073519,5073509,5073500,5073490,5073480,5073471,5073461,5073452,5073442,5073433,5073423,5073414,5073404,5073395,5073385,5073375,5073366,5073356,5073347,5073337,5073328,5073318,5073309,5073299,5073290,5073280,5073270,5073261,5073251,5073242,5073232,5073223,5073213,5073204,5073194,5073185,5073175,5073165,5073156,5073146,5073137,5073127,5073118,5073108,5073099,5073089,5073079,5073070,
1,0,2,1,1,0,0,1,2,0,0,0,1,1,1,1,1,0,1,0,1,2,1,0,1,0,1,1,0,1,0,1,1,1,2,1,1,0,0,1,2,0,0,1,0,1,2,1,0,0,0,1,1,2,0,0,0,0,1,2,0,0,0,0,1,2,1,0,0,1,1,1,2,1,1,1,0,1,2,1,0,0,0,0,1,0,0,0,0,1,1,2,0,0,0,0,1,2,1,1,
74,380,719,764,504,173,43,243,620,780,623,281,52,134,497,764,717,398,97,66,358,706,769,522,188,42,225,604,780,639,298,55,122,477,760,728,417,108,60,338,693,772,540,203,42,207,586,780,654,314,59,110,457,754,738,435,121,54,317,679,775,558,219,43,189,568,778,670,333,65,98,435,745,747,455,135,49,295,664,777,577,236,45,176,549,774,684,350,71,88,414,737,754,473,151,46,276,649,779,593,
5174031,5174022,5174012,5174003,5173993,5173984,5173974,5173964,5173955,5173945,5173936,5173926,5173917,5173907,5173898,5173888,5173879,5173869,5173859,5173850,5173840,5173831,5173821,5173812,5173802,5173793,5173783,5173773,5173764,5173754,5173745,5173735,5173726,5173716,5173707,5173697,5173688,5173678,5173668,5173659,5173649,5173640,5173630,5173621,5173611,5173602,5173592,5173583,5173573,5173563,5173554,5173544,5173535,5173525,5173516,5173506,5173497,5173487,5173478,5173468,5173458,5173449,5173439,5173430,5173420,5173411,5173401,5173392,5173382,5173373,5173363,5173353,5173344,5173334,5173325,5173315,5173306,5173296,5173287,5173277,5173268,5173258,5173248,5173239,5173229,5173220,5173210,5173201,5173191,5173182,5173172,5173163,5173153,5173143,5173134,5173124,5173115,5173105,5173096,5173086,
2,0,0,0,0,1,2,0,0,0,0,1,1,1,0,0,0,0,1,2,1,0,0,1,1,2,1,0,0,0,0,1,1,1,0,0,1,1,3,0,0,1,0,1,2,1,0,0,0,1,1,1,0,0,0,1,1,2,1,0,0,0,1,2,1,0,1,0,0,1,2,0,0,0,0,1,2,0,0,0,0,1,1,0,0,1,1,1,1,2,0,0,0,0,1,2,0,1,0,0,
724,761,495,165,44,253,630,780,614,272,50,141,507,766,712,390,91,70,368,712,766,513,180,43,234,613,780,631,289,54,128,487,762,725,407,102,63,348,700,770,531,195,42,217,596,780,646,306,57,116,468,757,733,425,114,57,328,686,773,549,210,42,199,578,778,662,323,62,105,447,750,742,444,127,52,306,672,776,567,227,44,182,560,776,676,340,68,95,427,742,750,462,140,48,287,658,778,584,242,46,
5274038,5274029,5274019,5274010,5274000,5273990,5273981,5273971,5273962,5273952,5273943,5273933,5273924,5273914,5273905,5273895,5273885,5273876,5273866,5273857,5273847,5273838,5273828,5273819,5273809,5273800,5273790,5273780,5273771,5273761,5273752,5273742,5273733,5273723,5273714,5273704,5273694,5273685,5273675,5273666,5273656,5273647,5273637,5273628,5273618,5273609,5273599,5273589,5273580,5273570,5273561,5273551,5273542,5273532,5273523,5273513,5273504,5273494,5273484,5273475,5273465,5273456,5273446,5273437,5273427,5273418,5273408,5273399,5273389,5273379,5273370,5273360,5273351,5273341,5273332,5273322,5273313,5273303,5273294,5273284,5273274,5273265,5273255,5273246,5273236,5273227,5273217,5273208,5273198,5273189,5273179,5273169,5273160,5273150,5273141,5273131,5273122,5273112,5273103,5273093,
0,0,1,2,0,1,0,0,1,2,1,0,0,1,1,1,2,0,0,0,0,1,2,1,0,0,0,1,1,1,0,0,1,1,1,2,0,0,1,0,1,2,0,0,0,1,1,1,1,0,0,0,1,1,3,0,1,0,1,1,2,1,1,0,1,1,1,1,0,0,1,0,1,2,0,1,0,0,1,2,0,0,0,0,0,1,1,0,0,0,1,1,2,0,2,0,0,1,1,0,
132,51,299,666,777,574,233,45,176,552,774,682,348,70,90,418,738,753,470,146,47,280,651,778,591,250,47,161,534,771,696,365,78,80,397,728,760,489,161,44,259,635,780,609,267,50,146,513,768,708,384,88,72,375,716,765,508,176,42,240,618,780,626,284,53,132,493,763,720,402,99,64,354,704,769,526,191,42,221,601,780,642,301,56,119,473,759,730,420,110,58,333,690,773,544,206,43,203,583,779,
5374031,5374022,5374012,5374003,5373993,5373984,5373974,5373964,5373955,5373945,5373936,5373926,5373917,5373907,5373898,5373888,5373879,5373869,5373859,5373850,5373840,5373831,5373821,5373812,5373802,5373793,5373783,5373773,5373764,5373754,5373745,5373735,5373726,5373716,5373707,5373697,5373688,5373678,5373668,5373659,5373649,5373640,5373630,5373621,5373611,5373602,5373592,5373583,5373573,5373563,5373554,5373544,5373535,5373525,5373516,5373506,5373497,5373487,5373478,5373468,5373458,5373449,5373439,5373430,5373420,5373411,5373401,5373392,5373382,5373373,5373363,5373353,5373344,5373334,5373325,5373315,5373306,5373296,5373287,5373277,5373268,5373258,5373248,5373239,5373229,5373220,5373210,5373201,5373191,5373182,5373172,5373163,5373153,5373143,5373134,5373124,5373115,5373105,5373096,5373086,
1,0,0,1,1,2,0,0,0,0,1,2,0,0,1,0,1,1,1,1,1,0,1,1,2,1,0,1,1,1,2,1,0,0,0,0,1,1,0,0,1,1,1,2,1,1,1,1,1,1,0,0,1,0,0,1,2,0,0,3,0,1,2,0,0,1,1,1,1,1,1,0,0,0,1,2,0,1,0,0,1,2,0,1,0,0,1,0,1,1,0,0,0,0,3,0,0,1,1,2,
714,393,93,69,365,710,767,517,183,42,230,609,780,634,292,54,126,484,762,725,411,104,61,344,697,771,535,199,42,213,592,780,650,309,58,113,463,756,735,429,116,56,324,684,774,553,214,43,196,574,778,665,326,62,102,443,749,744,448,129,51,303,669,776,570,230,44,179,556,775,679,343,68,92,423,741,751,465,143,48,284,655,778,587,246,46,164,538,772,692,361,76,83,404,730,758,485,157,45,266,
5474039,5474029,5474020,5474010,5474001,5473991,5473982,5473972,5473963,5473953,5473944,5473934,5473924,5473915,5473905,5473896,5473886,5473877,5473867,5473858,5473848,5473839,5473829,5473819,5473810,5473800,5473791,5473781,5473772,5473762,5473753,5473743,5473733,5473724,5473714,5473705,5473695,5473686,5473676,5473667,5473657,5473648,5473638,5473628,5473619,5473609,5473600,5473590,5473581,5473571,5473562,5473552,5473543,5473533,5473523,5473514,5473504,5473495,5473485,5473476,5473466,5473457,5473447,5473438,5473428,5473418,5473409,5473399,5473390,5473380,5473371,5473361,5473352,5473342,5473333,5473323,5473313,5473304,5473294,5473285,5473275,5473266,5473256,5473247,5473237,5473228,5473218,5473208,5473199,5473189,5473180,5473170,5473161,5473151,5473142,5473132,5473123,5473113,5473103,5473093,
1,1,2,0,0,0,1,1,2,0,0,1,0,1,1,1,1,0,0,0,0,2,0,0,0,0,1,2,0,1,0,0,1,1,1,1,0,1,1,1,2,0,1,0,0,1,1,1,0,0,1,3,1,2,0,1,0,1,1,2,0,0,0,0,1,1,0,1,0,1,1,1,2,1,0,0,0,1,2,0,1,1,1,1,1,1,0,1,0,0,1,3,0,0,0,1,1,2,0,1,
70,371,713,766,512,179,43,235,614,780,629,287,53,129,489,763,722,406,102,63,349,701,770,530,195,42,217,596,780,646,305,57,116,468,758,733,425,114,57,328,687,773,549,211,43,199,578,778,662,323,61,104,447,750,742,444,127,52,307,672,776,567,227,44,182,559,776,677,341,67,93,426,742,750,463,141,48,287,657,779,585,243,46,166,540,772,690,358,75,84,405,732,757,482,155,45,266,640,779,601,
5574032,5574022,5574013,5574003,5573994,5573984,5573975,5573965,5573956,5573946,5573937,5573927,5573917,5573908,5573898,5573889,5573879,5573870,5573860,5573851,5573841,5573832,5573822,5573812,5573803,5573793,5573784,5573774,5573765,5573755,5573746,5573736,5573727,5573717,5573707,5573698,5573688,5573679,5573669,5573660,5573650,5573641,5573631,5573622,5573612,5573602,5573593,5573583,5573574,5573564,5573555,5573545,5573536,5573526,5573517,5573507,5573497,5573488,5573478,5573469,5573459,5573450,5573440,5573431,5573421,5573411,5573402,5573392,5573383,5573373,5573364,5573354,5573345,5573335,5573326,5573316,5573306,5573297,5573287,5573278,5573268,5573259,5573249,5573240,5573230,5573221,5573211,5573201,5573192,5573182,5573173,5573163,5573154,5573144,5573135,5573125,5573116,5573106,5573096,5573087,
0,0,1,1,1,0,0,0,1,1,2,0,1,0,1,1,1,1,0,0,0,0,1,1,0,0,1,0,1,2,1,0,1,0,1,1,0,1,0,0,0,1,2,0,0,0,1,1,2,0,3,0,0,1,1,0,0,0,0,1,1,2,0,0,0,1,1,2,0,0,0,0,1,1,1,1,0,0,1,1,2,0,1,1,1,1,2,0,1,1,0,1,1,1,0,0,0,1,1,2,
292,54,126,484,762,725,410,104,62,345,697,771,534,198,42,213,592,781,650,309,58,113,463,756,735,429,117,56,323,683,774,552,214,43,195,574,778,665,326,63,102,442,749,744,448,130,51,303,669,776,570,230,45,179,556,775,679,344,69,92,422,740,752,466,143,48,283,654,778,587,246,46,163,537,772,693,362,76,82,401,730,758,485,158,45,263,638,780,606,263,49,148,517,768,706,380,86,73,379,719,
5674039,5674029,5674020,5674010,5674001,5673991,5673982,5673972,5673963,5673953,5673944,5673934,5673924,5673915,5673905,5673896,5673886,5673877,5673867,5673858,5673848,5673839,5673829,5673819,5673810,5673800,5673791,5673781,5673772,5673762,5673753,5673743,5673733,5673724,5673714,5673705,5673695,5673686,5673676,5673667,5673657,5673648,5673638,5673628,5673619,5673609,5673600,5673590,5673581,5673571,5673562,5673552,5673543,5673533,5673523,5673514,5673504,5673495,5673485,5673476,5673466,5673457,5673447,5673438,5673428,5673418,5673409,5673399,5673390,5673380,5673371,5673361,5673352,5673342,5673333,5673323,5673313,5673304,5673294,5673285,5673275,5673266,5673256,5673247,5673237,5673228,5673218,5673208,5673199,5673189,5673180,5673170,5673161,5673151,5673142,5673132,5673123,5673113,5673103,5673093,
1,1,0,1,0,1,1,2,1,0,0,1,1,2,0,0,0,1,1,1,1,0,1,0,1,1,2,0,0,0,1,1,2,1,1,0,0,1,1,1,1,0,1,1,1,2,1,1,0,0,1,2,0,0,0,0,1,1,2,0,1,0,1,1,2,0,0,0,0,2,1,0,0,1,0,1,1,2,0,1,0,1,1,2,0,0,1,0,1,1,1,0,1,0,1,1,2,1,0,1,
514,768,708,384,88,72,376,716,765,507,176,42,240,618,780,626,284,53,132,493,764,720,402,99,65,355,704,769,526,191,42,221,601,780,642,301,56,120,473,759,730,420,110,59,334,691,773,543,206,42,204,584,780,657,318,60,108,453,752,739,438,122,54,313,677,775,561,221,44,188,566,777,672,335,65,97,433,745,747,456,136,49,294,662,777,578,238,45,172,547,774,685,352,72,88,413,735,754,473,148,
5774032,5774023,5774013,5774004,5773994,5773985,5773975,5773966,5773956,5773946,5773937,5773927,5773918,5773908,5773899,5773889,5773880,5773870,5773860,5773851,5773841,5773832,5773822,5773813,5773803,5773794,5773784,5773775,5773765,5773755,5773746,5773736,5773727,5773717,5773708,5773698,5773689,5773679,5773670,5773660,5773650,5773641,5773631,5773622,5773612,5773603,5773593,5773584,5773574,5773565,5773555,5773545,5773536,5773526,5773517,5773507,5773498,5773488,5773479,5773469,5773460,5773450,5773440,5773431,5773421,5773412,5773402,5773393,5773383,5773374,5773364,5773355,5773345,5773335,5773326,5773316,5773307,5773297,5773288,5773278,5773269,5773259,5773250,5773240,5773230,5773221,5773211,5773202,5773192,5773183,5773173,5773164,5773154,5773144,5773135,5773125,5773116,5773106,5773097,5773087,
0,1,1,1,0,1,0,1,1,2,0,0,1,0,1,2,1,0,1,0,1,1,1,1,0,0,0,1,2,0,1,0,1,1,2,0,0,0,1,1,1,0,1,1,0,0,1,2,0,0,0,0,1,2,2,0,0,0,1,1,1,1,0,1,0,1,2,0,1,1,1,1,2,1,0,0,0,1,1,1,1,1,0,0,1,2,0,1,0,0,1,1,0,0,0,0,1,1,1,0,
42,199,578,779,662,323,61,104,447,750,742,444,127,52,307,672,776,567,227,44,182,559,776,676,340,68,94,427,742,750,462,140,48,288,657,777,584,243,46,167,541,772,689,357,74,84,406,732,757,480,154,45,268,642,779,601,259,48,152,522,769,702,375,83,78,386,722,762,498,168,44,249,626,781,618,275,51,138,503,766,714,393,92,68,364,709,767,517,184,42,230,609,781,634,292,54,126,483,762,721,
