5242011,5242001,5241991,5241982,5241972,5241963,5241953,5241944,5241934,5241925,5241915,5241905,5241896,5241886,5241877,5241867,5241858,5241848,5241839,5241829,5241819,5241810,5241800,5241791,5241781,5241772,5241762,5241753,5241743,5241734,5241724,5241714,5241705,5241695,5241686,5241676,5241667,5241657,5241648,5241638,5241628,5241619,5241609,5241600,5241590,5241581,5241571,5241562,5241552,5241542,5241533,5241523,5241514,5241504,5241495,5241485,5241476,5241466,5241456,5241447,5241437,5241428,5241418,5241409,5241399,5241390,5241380,5241370,5241361,5241351,5241342,5241332,5241323,5241313,5241304,5241294,5241285,5241275,5241265,5241256,5241246,5241237,5241227,5241218,5241208,5241199,5241189,5241179,5241170,5241160,5241151,5241141,5241132,5241122,5241113,5241103,5241093,5241084,5241074,5241065,
1,1,1,2,2,1,1,1,2,2,2,1,1,1,1,2,2,1,2,1,1,1,2,2,2,1,1,2,1,2,2,1,1,5,1,2,2,1,1,1,1,1,1,2,2,1,1,1,2,2,2,1,1,1,2,2,2,2,1,1,1,2,2,1,1,1,1,2,2,2,2,1,1,2,2,2,2,1,1,2,1,1,2,1,1,1,1,1,2,1,1,1,1,1,2,2,1,1,2,2,
248,216,248,561,800,725,373,220,224,358,778,794,556,247,216,248,578,800,716,359,220,225,375,782,791,542,248,216,249,594,800,706,344,218,228,392,783,786,526,248,216,249,613,800,695,330,218,230,409,785,781,511,247,216,248,625,800,684,315,217,233,426,787,776,496,245,216,248,641,800,671,302,217,236,443,789,771,481,242,216,252,659,800,658,281,217,239,460,791,767,466,238,217,262,675,799,645,266,216,242,
5262267,5262257,5262248,5262238,5262228,5262219,5262209,5262200,5262190,5262181,5262171,5262162,5262152,5262142,5262133,5262123,5262114,5262104,5262095,5262085,5262076,5262066,5262056,5262047,5262037,5262028,5262018,5262009,5261999,5261990,5261980,5261971,5261961,5261951,5261942,5261932,5261923,5261913,5261904,5261894,5261885,5261875,5261865,5261856,5261846,5261837,5261827,5261818,5261808,5261799,5261789,5261779,5261770,5261760,5261751,5261741,5261732,5261722,5261713,5261703,5261693,5261684,5261674,5261665,5261655,5261646,5261636,5261627,5261617,5261608,5261598,5261588,5261579,5261569,5261560,5261550,5261541,5261531,5261522,5261512,5261502,5261493,5261483,5261474,5261464,5261455,5261445,5261436,5261426,5261416,5261407,5261397,5261388,5261378,5261369,5261359,5261350,5261340,5261330,5261321,
1,1,1,2,1,2,2,1,1,2,1,1,2,2,1,1,1,1,2,2,1,1,1,1,3,2,1,1,1,1,1,2,2,1,1,1,2,2,2,1,1,1,1,2,2,1,1,1,1,2,2,1,2,1,1,1,4,1,1,2,1,1,2,2,1,1,1,1,1,2,2,1,2,1,1,2,2,2,1,1,1,1,1,2,1,1,1,1,2,2,1,1,1,1,1,2,2,1,2,1,
649,269,216,241,471,793,762,456,236,216,270,685,799,635,257,216,243,487,795,756,440,232,218,284,699,799,621,252,218,246,503,797,750,425,228,219,299,712,798,608,248,216,246,519,799,744,411,226,220,315,728,798,593,247,217,247,535,800,738,396,223,221,331,742,797,579,247,216,248,552,800,729,382,221,223,348,763,795,565,248,216,248,568,800,721,367,220,224,365,780,793,549,248,216,248,585,800,712,352,219,
5361946,5361937,5361927,5361918,5361908,5361898,5361889,5361879,5361870,5361860,5361851,5361841,5361832,5361822,5361812,5361803,5361793,5361784,5361774,5361765,5361755,5361746,5361736,5361726,5361717,5361707,5361698,5361688,5361679,5361669,5361660,5361650,5361640,5361631,5361621,5361612,5361602,5361593,5361583,5361574,5361564,5361555,5361545,5361535,5361526,5361516,5361507,5361497,5361488,5361478,5361469,5361459,5361449,5361440,5361430,5361421,5361411,5361402,5361392,5361383,5361373,5361363,5361354,5361344,5361335,5361325,5361316,5361306,5361297,5361287,5361277,5361268,5361258,5361249,5361239,5361230,5361220,5361211,5361201,5361191,5361182,5361172,5361163,5361153,5361144,5361134,5361125,5361115,5361106,5361096,5361086,5361077,5361067,5361058,5361048,5361039,5361029,5361020,5361010,5361000,
1,1,1,1,2,2,2,1,1,1,1,2,2,2,1,1,1,2,2,1,1,1,1,1,2,2,1,1,1,1,2,2,2,1,1,1,1,2,2,4,1,1,1,2,2,2,1,2,1,1,2,2,1,1,1,1,2,2,1,1,1,1,1,2,1,2,1,1,1,2,2,1,1,1,1,0,1,2,1,1,1,1,2,2,2,1,1,1,2,2,2,1,1,1,1,2,2,2,1,1,
742,408,224,220,318,730,798,591,248,216,247,539,800,735,393,223,221,335,745,797,576,248,213,248,556,800,728,378,221,223,352,773,795,561,247,216,248,572,800,719,363,220,225,370,781,792,545,247,216,248,590,800,709,349,218,226,386,782,789,532,248,216,248,605,800,699,335,218,229,403,784,783,517,247,215,249,620,800,688,321,217,231,419,786,778,502,245,216,248,634,800,676,308,217,236,436,788,773,486,243,
5461946,5461937,5461927,5461918,5461908,5461899,5461889,5461880,5461870,5461860,5461851,5461841,5461832,5461822,5461813,5461803,5461794,5461784,5461774,5461765,5461755,5461746,5461736,5461727,5461717,5461708,5461698,5461688,5461679,5461669,5461660,5461650,5461641,5461631,5461622,5461612,5461602,5461593,5461583,5461574,5461564,5461555,5461545,5461536,5461526,5461516,5461507,5461497,5461488,5461478,5461469,5461459,5461450,5461440,5461431,5461421,5461411,5461402,5461392,5461383,5461373,5461364,5461354,5461345,5461335,5461325,5461316,5461306,5461297,5461287,5461278,5461268,5461259,5461249,5461239,5461230,5461220,5461211,5461201,5461192,5461182,5461173,5461163,5461153,5461144,5461134,5461125,5461115,5461106,5461096,5461087,5461077,5461067,5461058,5461048,5461039,5461029,5461020,5461010,5461000,
2,2,1,1,1,1,2,2,1,1,2,1,2,2,2,1,1,1,1,2,2,1,1,1,1,2,1,1,1,1,1,1,2,2,1,0,1,1,2,2,2,1,0,1,1,2,2,1,1,1,1,1,2,2,1,1,1,1,1,2,1,1,1,1,2,2,2,1,1,1,1,1,2,1,1,1,1,2,2,2,2,1,1,1,1,2,2,2,1,1,1,1,2,2,1,2,1,2,2,2,
686,799,634,256,216,244,488,796,756,439,231,217,285,700,799,620,251,216,246,505,798,749,424,228,218,301,714,798,606,248,216,247,523,799,742,408,225,220,318,730,798,591,247,216,247,539,800,736,392,223,221,335,745,796,577,247,216,248,555,800,728,380,221,223,351,771,795,562,248,216,248,571,800,719,364,220,224,368,780,793,547,248,216,248,587,800,710,350,219,227,386,782,788,531,247,216,249,605,800,699,
5561946,5561937,5561927,5561918,5561908,5561899,5561889,5561880,5561870,5561860,5561851,5561841,5561832,5561822,5561813,5561803,5561794,5561784,5561774,5561765,5561755,5561746,5561736,5561727,5561717,5561708,5561698,5561689,5561679,5561669,5561660,5561650,5561641,5561631,5561622,5561612,5561603,5561593,5561583,5561574,5561564,5561555,5561545,5561536,5561526,5561517,5561507,5561497,5561488,5561478,5561469,5561459,5561450,5561440,5561431,5561421,5561411,5561402,5561392,5561383,5561373,5561364,5561354,5561345,5561335,5561325,5561316,5561306,5561297,5561287,5561278,5561268,5561259,5561249,5561240,5561230,5561220,5561211,5561201,5561192,5561182,5561173,5561163,5561154,5561144,5561134,5561125,5561115,5561106,5561096,5561087,5561077,5561068,5561058,5561048,5561039,5561029,5561020,5561010,5561000,
1,2,2,2,1,1,1,1,2,2,1,1,1,1,2,2,1,1,1,1,1,2,2,1,1,1,1,2,2,1,1,1,1,1,2,1,1,1,1,1,2,2,1,1,1,1,2,1,2,1,1,0,1,2,1,1,1,1,1,2,1,2,1,1,1,1,2,1,1,1,1,1,2,2,1,2,3,1,1,2,2,1,1,1,1,2,2,2,1,1,1,1,1,2,1,1,1,1,1,2,
228,394,783,786,524,247,216,248,614,800,694,328,218,230,411,785,781,508,246,216,248,627,800,682,313,217,233,428,787,775,493,244,216,249,644,800,669,300,217,236,445,789,771,478,241,216,253,661,799,656,277,217,239,462,792,766,463,238,216,263,678,799,642,266,217,242,479,794,759,447,234,217,277,693,799,628,255,216,245,496,796,753,431,230,218,293,706,798,613,249,216,246,513,799,746,417,227,219,309,722,
