5952647,5952638,5952628,5952618,5952609,5952599,5952590,5952580,5952571,5952561,5952552,5952542,5952532,5952523,5952513,5952504,5952494,5952485,5952475,5952466,5952456,5952447,5952437,5952427,5952418,5952408,5952399,5952389,5952380,5952370,5952361,5952351,5952341,5952332,5952322,5952313,5952303,5952294,5952284,5952275,5952265,5952255,5952246,5952236,5952227,5952217,5952208,5952198,5952189,5952179,5952169,5952160,5952150,5952141,5952131,5952122,5952112,5952103,5952093,5952083,5952074,5952064,5952055,5952045,5952036,5952026,5952017,5952007,5951998,5951988,5951978,5951969,5951959,5951950,5951940,5951931,5951921,5951912,5951902,5951892,5951883,5951873,5951864,5951854,5951845,5951835,5951826,5951816,5951806,5951797,5951787,5951778,5951768,5951759,5951749,5951740,5951730,5951720,5951711,5951701,
2,2,2,1,1,1,1,2,2,2,1,1,1,1,1,2,1,1,1,1,2,2,2,1,1,1,2,2,2,1,1,1,1,2,2,2,1,1,1,2,2,2,1,1,1,1,2,2,1,1,1,1,2,1,2,1,1,1,1,2,2,1,1,1,1,2,2,2,1,1,1,1,2,2,2,1,1,1,1,2,2,1,1,1,1,2,2,1,1,3,1,2,2,1,1,1,1,1,2,2,
248,632,800,678,309,217,234,433,788,774,489,244,216,249,649,800,665,295,217,237,451,790,769,474,240,216,256,667,800,652,272,217,240,470,793,764,458,236,217,267,682,800,638,261,216,243,484,795,758,443,232,218,281,696,799,625,253,216,245,500,797,751,428,229,219,297,710,798,610,248,216,247,517,799,745,413,226,220,313,725,798,595,248,216,247,534,800,737,398,224,221,330,741,797,581,248,218,248,550,800,
5971962,5971953,5971943,5971934,5971924,5971915,5971905,5971896,5971886,5971876,5971867,5971857,5971848,5971838,5971829,5971819,5971810,5971800,5971790,5971781,5971771,5971762,5971752,5971743,5971733,5971724,5971714,5971704,5971695,5971685,5971676,5971666,5971657,5971647,5971638,5971628,5971618,5971609,5971599,5971590,5971580,5971571,5971561,5971552,5971542,5971532,5971523,5971513,5971504,5971494,5971485,5971475,5971466,5971456,5971446,5971437,5971427,5971418,5971408,5971399,5971389,5971380,5971370,5971361,5971351,5971341,5971332,5971322,5971313,5971303,5971294,5971284,5971275,5971265,5971255,5971246,5971236,5971227,5971217,5971208,5971198,5971189,5971179,5971169,5971160,5971150,5971141,5971131,5971122,5971112,5971103,5971093,5971083,5971074,5971064,5971055,5971045,5971036,5971026,5971016,
2,2,2,1,1,1,1,2,2,1,1,1,1,1,1,2,1,1,1,1,2,2,1,1,1,1,1,2,2,1,1,1,1,2,2,1,1,1,1,2,2,0,1,1,1,1,2,2,5,1,1,1,2,2,2,1,1,1,1,1,2,1,1,2,1,1,2,2,1,1,1,1,1,2,1,1,1,1,2,2,2,1,1,1,1,1,2,0,1,2,1,2,1,2,1,1,1,1,2,2,
249,620,800,689,321,219,232,420,786,778,501,245,216,248,635,800,676,306,217,235,437,788,773,485,243,216,250,653,800,662,290,217,238,454,791,768,469,239,217,258,671,800,648,268,216,241,472,793,762,453,236,217,271,687,799,634,256,217,244,489,797,755,438,231,218,286,701,799,620,251,216,245,506,798,749,423,228,219,303,716,798,605,248,216,247,523,799,743,408,225,220,319,731,797,590,248,216,247,540,799,
6071946,6071937,6071927,6071918,6071908,6071898,6071889,6071879,6071870,6071860,6071851,6071841,6071832,6071822,6071813,6071803,6071793,6071784,6071774,6071765,6071755,6071746,6071736,6071727,6071717,6071707,6071698,6071688,6071679,6071669,6071660,6071650,6071641,6071631,6071621,6071612,6071602,6071593,6071583,6071574,6071564,6071555,6071545,6071535,6071526,6071516,6071507,6071497,6071488,6071478,6071469,6071459,6071449,6071440,6071430,6071421,6071411,6071402,6071392,6071383,6071373,6071364,6071354,6071344,6071335,6071325,6071316,6071306,6071297,6071287,6071278,6071268,6071258,6071249,6071239,6071230,6071220,6071211,6071201,6071192,6071182,6071172,6071163,6071153,6071144,6071134,6071125,6071115,6071106,6071096,6071086,6071077,6071067,6071058,6071048,6071039,6071029,6071020,6071010,6071000,
1,2,2,2,1,1,1,1,2,2,1,1,1,1,1,2,1,2,1,1,1,1,2,1,1,1,1,2,2,2,1,1,1,1,1,2,1,1,1,1,2,2,2,1,1,1,1,1,2,1,1,1,1,2,2,2,1,1,1,1,1,2,1,1,1,1,2,2,1,1,1,1,2,2,2,1,1,1,1,2,2,1,1,1,1,1,1,2,1,1,1,1,2,2,1,2,1,1,1,2,
220,320,731,798,591,248,216,248,539,800,736,393,223,221,336,746,796,575,248,216,248,557,800,727,378,221,223,353,774,795,560,248,216,248,573,800,718,363,219,225,370,781,792,545,248,216,248,590,799,709,348,218,227,388,782,788,530,248,216,249,607,800,699,333,218,229,405,785,782,515,247,216,249,621,800,686,319,217,232,422,786,777,499,245,216,248,637,800,674,305,217,235,439,789,772,484,242,216,250,656,
6171946,6171937,6171927,6171918,6171908,6171899,6171889,6171879,6171870,6171860,6171851,6171841,6171832,6171822,6171813,6171803,6171793,6171784,6171774,6171765,6171755,6171746,6171736,6171727,6171717,6171707,6171698,6171688,6171679,6171669,6171660,6171650,6171641,6171631,6171621,6171612,6171602,6171593,6171583,6171574,6171564,6171555,6171545,6171535,6171526,6171516,6171507,6171497,6171488,6171478,6171469,6171459,6171450,6171440,6171430,6171421,6171411,6171402,6171392,6171383,6171373,6171364,6171354,6171344,6171335,6171325,6171316,6171306,6171297,6171287,6171278,6171268,6171258,6171249,6171239,6171230,6171220,6171211,6171201,6171192,6171182,6171172,6171163,6171153,6171144,6171134,6171125,6171115,6171106,6171096,6171086,6171077,6171067,6171058,6171048,6171039,6171029,6171020,6171010,6171000,
1,1,1,1,1,2,1,1,1,1,2,2,1,1,1,1,1,2,2,1,1,1,1,2,1,1,2,1,1,4,2,2,1,1,1,1,2,2,1,1,1,1,2,2,2,1,1,1,1,2,2,2,1,1,1,1,1,2,1,1,1,1,2,2,1,1,2,1,1,2,2,1,1,1,0,2,2,2,1,1,1,1,2,2,1,1,1,1,2,2,1,1,1,1,1,2,2,1,1,2,
570,248,216,248,562,800,724,372,220,223,359,779,794,555,248,216,248,579,800,715,357,219,225,376,782,791,540,248,216,248,596,800,706,343,218,228,393,783,786,526,248,216,249,613,800,695,329,218,230,410,785,781,510,246,216,248,626,800,682,314,217,233,428,787,776,494,244,216,249,643,800,670,301,217,236,444,790,771,479,241,218,253,661,800,656,277,217,239,462,792,765,463,238,217,263,678,800,642,265,216,
6271946,6271937,6271927,6271918,6271908,6271899,6271889,6271879,6271870,6271860,6271851,6271841,6271832,6271822,6271813,6271803,6271793,6271784,6271774,6271765,6271755,6271746,6271736,6271727,6271717,6271708,6271698,6271688,6271679,6271669,6271660,6271650,6271641,6271631,6271622,6271612,6271602,6271593,6271583,6271574,6271564,6271555,6271545,6271536,6271526,6271516,6271507,6271497,6271488,6271478,6271469,6271459,6271450,6271440,6271430,6271421,6271411,6271402,6271392,6271383,6271373,6271364,6271354,6271344,6271335,6271325,6271316,6271306,6271297,6271287,6271278,6271268,6271259,6271249,6271239,6271230,6271220,6271211,6271201,6271192,6271182,6271173,6271163,6271153,6271144,6271134,6271125,6271115,6271106,6271096,6271087,6271077,6271067,6271058,6271048,6271039,6271029,6271020,6271010,6271000,
2,2,1,1,1,1,2,2,2,2,1,1,1,2,2,2,1,1,1,1,2,1,1,1,1,2,2,2,1,1,1,1,2,1,1,2,1,1,2,1,2,1,1,1,2,1,1,1,1,1,1,2,2,2,1,1,1,1,2,2,1,1,1,1,1,2,2,1,1,1,1,1,2,1,1,1,1,1,2,2,1,1,1,1,2,2,1,1,1,4,2,2,2,1,1,1,1,2,2,2,
623,800,685,317,217,233,424,787,776,497,245,216,249,639,800,672,303,217,236,441,789,772,482,242,216,251,657,800,659,283,217,239,458,789,767,467,238,216,261,674,799,646,267,216,242,475,794,761,452,235,217,273,689,799,632,256,216,244,492,796,754,435,230,218,289,704,798,617,250,216,246,509,798,748,420,227,219,305,718,798,603,248,216,247,526,799,744,405,225,221,321,733,797,588,248,216,248,541,799,734,
6371946,6371937,6371927,6371918,6371908,6371899,6371889,6371880,6371870,6371860,6371851,6371841,6371832,6371822,6371813,6371803,6371794,6371784,6371774,6371765,6371755,6371746,6371736,6371727,6371717,6371708,6371698,6371688,6371679,6371669,6371660,6371650,6371641,6371631,6371622,6371612,6371602,6371593,6371583,6371574,6371564,6371555,6371545,6371536,6371526,6371516,6371507,6371497,6371488,6371478,6371469,6371459,6371450,6371440,6371431,6371421,6371411,6371402,6371392,6371383,6371373,6371364,6371354,6371345,6371335,6371325,6371316,6371306,6371297,6371287,6371278,6371268,6371259,6371249,6371239,6371230,6371220,6371211,6371201,6371192,6371182,6371173,6371163,6371153,6371144,6371134,6371125,6371115,6371106,6371096,6371087,6371077,6371067,6371058,6371048,6371039,6371029,6371020,6371010,6371000,
1,1,2,2,1,1,1,1,1,2,1,1,1,1,1,2,2,1,1,1,1,2,2,1,1,1,1,1,1,2,1,1,1,1,2,2,1,0,1,1,2,1,2,1,1,1,1,2,2,1,1,1,1,1,2,2,1,1,1,1,2,2,1,1,1,1,1,1,2,2,1,1,4,2,2,1,1,1,1,1,2,2,1,1,1,1,1,2,1,1,1,1,1,2,2,2,1,1,1,2,
216,247,536,800,737,396,224,221,332,742,797,579,248,216,248,553,800,729,381,221,222,349,766,796,564,248,216,248,570,800,720,366,220,224,366,781,793,548,248,216,248,587,800,710,350,219,226,385,782,788,533,247,216,248,604,800,700,336,218,229,402,784,783,517,247,216,249,621,800,687,320,217,232,421,786,777,500,245,216,248,636,800,674,305,217,235,438,788,772,484,242,216,250,655,800,661,288,217,238,456,
6471946,6471937,6471927,6471918,6471908,6471899,6471889,6471879,6471870,6471860,6471851,6471841,6471832,6471822,6471813,6471803,6471793,6471784,6471774,6471765,6471755,6471746,6471736,6471727,6471717,6471707,6471698,6471688,6471679,6471669,6471660,6471650,6471641,6471631,6471621,6471612,6471602,6471593,6471583,6471574,6471564,6471555,6471545,6471535,6471526,6471516,6471507,6471497,6471488,6471478,6471469,6471459,6471450,6471440,6471430,6471421,6471411,6471402,6471392,6471383,6471373,6471364,6471354,6471344,6471335,6471325,6471316,6471306,6471297,6471287,6471278,6471268,6471258,6471249,6471239,6471230,6471220,6471211,6471201,6471192,6471182,6471172,6471163,6471153,6471144,6471134,6471125,6471115,6471106,6471096,6471086,6471077,6471067,6471058,6471048,6471039,6471029,6471020,6471010,6471000,
1,1,1,1,2,1,1,1,1,1,1,2,2,2,1,1,2,1,2,1,1,1,1,2,2,2,1,1,1,1,2,2,1,1,1,1,1,2,2,1,1,1,1,2,2,2,1,1,1,1,2,2,1,1,1,1,2,1,2,1,1,1,2,1,2,1,1,1,1,2,1,1,1,1,1,1,2,2,1,1,4,1,2,2,1,1,1,1,2,2,2,1,1,1,1,2,2,1,2,1,
723,370,220,224,361,779,794,554,248,216,248,581,800,715,357,219,224,377,782,791,540,248,216,248,596,800,705,343,218,228,394,783,786,525,247,216,249,614,800,695,328,218,230,410,785,781,509,246,216,248,625,800,683,315,217,233,427,787,776,495,244,216,249,642,800,670,301,217,236,444,789,771,479,241,216,252,660,800,656,278,216,239,461,792,766,464,238,216,263,677,799,643,266,216,242,478,794,760,448,234,
6571946,6571937,6571927,6571918,6571908,6571898,6571889,6571879,6571870,6571860,6571851,6571841,6571832,6571822,6571812,6571803,6571793,6571784,6571774,6571765,6571755,6571746,6571736,6571726,6571717,6571707,6571698,6571688,6571679,6571669,6571660,6571650,6571640,6571631,6571621,6571612,6571602,6571593,6571583,6571574,6571564,6571554,6571545,6571535,6571526,6571516,6571507,6571497,6571488,6571478,6571469,6571459,6571449,6571440,6571430,6571421,6571411,6571402,6571392,6571383,6571373,6571363,6571354,6571344,6571335,6571325,6571316,6571306,6571297,6571287,6571277,6571268,6571258,6571249,6571239,6571230,6571220,6571211,6571201,6571191,6571182,6571172,6571163,6571153,6571144,6571134,6571125,6571115,6571105,6571096,6571086,6571077,6571067,6571058,6571048,6571039,6571029,6571020,6571010,6571000,
2,1,1,1,1,3,1,2,1,1,1,1,1,1,2,2,1,1,1,1,2,2,1,1,1,1,1,2,2,1,1,1,1,2,1,2,1,1,1,2,2,1,1,1,1,2,2,1,1,1,1,1,2,2,1,1,1,1,2,2,1,1,1,1,2,2,2,1,1,1,1,2,1,1,1,1,1,1,2,2,1,1,1,1,2,2,1,1,1,1,1,2,2,2,1,1,1,2,1,2,
476,794,761,451,234,216,274,690,799,631,256,216,244,492,796,754,437,230,218,289,704,799,617,250,216,246,508,798,748,420,227,219,305,718,798,603,248,216,247,525,800,742,406,225,220,321,733,797,589,248,217,247,541,800,734,391,222,222,338,748,796,573,247,216,248,558,800,727,376,221,223,355,777,795,559,248,216,248,575,800,717,361,220,225,372,781,792,544,247,216,248,592,800,708,346,218,226,389,782,787,
6671946,6671937,6671927,6671918,6671908,6671899,6671889,6671879,6671870,6671860,6671851,6671841,6671832,6671822,6671813,6671803,6671793,6671784,6671774,6671765,6671755,6671746,6671736,6671727,6671717,6671707,6671698,6671688,6671679,6671669,6671660,6671650,6671641,6671631,6671621,6671612,6671602,6671593,6671583,6671574,6671564,6671555,6671545,6671536,6671526,6671516,6671507,6671497,6671488,6671478,6671469,6671459,6671450,6671440,6671430,6671421,6671411,6671402,6671392,6671383,6671373,6671364,6671354,6671344,6671335,6671325,6671316,6671306,6671297,6671287,6671278,6671268,6671258,6671249,6671239,6671230,6671220,6671211,6671201,6671192,6671182,6671172,6671163,6671153,6671144,6671134,6671125,6671115,6671106,6671096,6671087,6671077,6671067,6671058,6671048,6671039,6671029,6671020,6671010,6671000,
1,1,2,2,2,0,1,1,1,2,2,2,1,1,1,2,1,1,1,1,1,1,1,2,1,1,1,1,2,2,1,1,1,1,1,2,2,1,1,1,1,2,1,2,1,1,1,1,0,2,1,1,1,1,2,1,1,1,1,1,1,2,1,2,1,1,2,2,2,1,2,1,1,1,2,2,1,1,1,1,2,2,2,1,1,1,2,1,2,1,1,1,1,2,2,1,1,1,1,2,
224,221,326,737,797,587,248,216,248,546,800,732,386,222,222,343,753,796,569,247,216,248,564,800,723,370,220,224,361,780,794,553,248,216,248,581,800,714,356,219,226,378,782,790,538,247,216,249,598,800,704,340,218,228,396,783,785,523,247,216,249,617,800,693,326,217,230,413,785,780,507,246,216,248,629,800,680,311,217,234,431,788,774,491,244,216,249,647,800,666,297,216,237,449,790,769,474,240,216,256,
6771946,6771937,6771927,6771918,6771908,6771899,6771889,6771879,6771870,6771860,6771851,6771841,6771832,6771822,6771813,6771803,6771793,6771784,6771774,6771765,6771755,6771746,6771736,6771727,6771717,6771707,6771698,6771688,6771679,6771669,6771660,6771650,6771641,6771631,6771622,6771612,6771602,6771593,6771583,6771574,6771564,6771555,6771545,6771536,6771526,6771516,6771507,6771497,6771488,6771478,6771469,6771459,6771450,6771440,6771430,6771421,6771411,6771402,6771392,6771383,6771373,6771364,6771354,6771344,6771335,6771325,6771316,6771306,6771297,6771287,6771278,6771268,6771258,6771249,6771239,6771230,6771220,6771211,6771201,6771192,6771182,6771172,6771163,6771153,6771144,6771134,6771125,6771115,6771106,6771096,6771087,6771077,6771067,6771058,6771048,6771039,6771029,6771020,6771010,6771000,
1,1,1,1,1,2,2,1,1,1,1,2,2,2,1,1,1,1,2,2,1,1,1,1,2,2,1,1,1,1,1,1,2,1,1,1,1,2,2,2,1,1,1,1,1,2,1,1,1,1,2,2,2,1,1,1,1,2,2,1,2,1,1,1,2,1,1,1,1,1,2,2,1,1,0,1,2,2,2,1,1,1,1,2,2,1,1,1,3,2,2,1,1,1,1,2,2,2,1,2,
793,546,247,216,248,589,800,711,349,218,227,387,782,788,530,248,216,248,606,800,699,336,218,229,404,784,783,516,247,216,249,621,800,687,320,218,232,421,786,777,500,245,216,248,636,800,675,306,217,233,437,789,773,485,242,216,250,653,800,662,290,217,238,454,790,768,470,239,216,258,671,800,648,268,216,241,472,793,762,454,235,217,270,686,799,635,256,216,246,488,796,756,439,231,217,285,700,799,620,251,
6871946,6871937,6871927,6871918,6871908,6871899,6871889,6871879,6871870,6871860,6871851,6871841,6871832,6871822,6871813,6871803,6871793,6871784,6871774,6871765,6871755,6871746,6871736,6871727,6871717,6871707,6871698,6871688,6871679,6871669,6871660,6871650,6871641,6871631,6871622,6871612,6871602,6871593,6871583,6871574,6871564,6871555,6871545,6871536,6871526,6871516,6871507,6871497,6871488,6871478,6871469,6871459,6871450,6871440,6871430,6871421,6871411,6871402,6871392,6871383,6871373,6871364,6871354,6871344,6871335,6871325,6871316,6871306,6871297,6871287,6871278,6871268,6871258,6871249,6871239,6871230,6871220,6871211,6871201,6871192,6871182,6871172,6871163,6871153,6871144,6871134,6871125,6871115,6871106,6871096,6871087,6871077,6871067,6871058,6871048,6871039,6871029,6871020,6871010,6871000,
2,2,2,2,0,1,2,2,2,2,1,1,1,2,1,2,2,1,1,1,1,2,2,1,1,1,1,2,2,1,1,2,1,2,2,1,1,1,1,2,2,1,1,1,1,1,2,2,1,1,1,1,2,2,1,1,1,1,1,1,2,2,1,1,1,2,2,1,1,1,2,2,2,2,1,1,1,1,1,1,2,1,1,1,2,1,2,1,1,1,1,2,2,1,1,1,1,2,2,2,
312,726,798,596,248,216,248,533,799,738,398,224,221,329,740,797,580,247,216,248,549,800,731,384,222,222,346,758,796,566,248,216,248,566,800,722,369,220,224,363,780,794,551,248,216,248,583,800,713,354,219,226,380,782,790,536,248,216,248,600,800,703,340,218,228,397,784,785,521,247,216,249,617,800,692,325,218,231,415,785,779,506,246,216,248,629,800,680,311,217,234,431,788,774,490,244,216,249,647,800,
6971946,6971937,6971927,6971918,6971908,6971899,6971889,6971879,6971870,6971860,6971851,6971841,6971832,6971822,6971813,6971803,6971793,6971784,6971774,6971765,6971755,6971746,6971736,6971727,6971717,6971707,6971698,6971688,6971679,6971669,6971660,6971650,6971641,6971631,6971621,6971612,6971602,6971593,6971583,6971574,6971564,6971555,6971545,6971536,6971526,6971516,6971507,6971497,6971488,6971478,6971469,6971459,6971450,6971440,6971430,6971421,6971411,6971402,6971392,6971383,6971373,6971364,6971354,6971344,6971335,6971325,6971316,6971306,6971297,6971287,6971278,6971268,6971258,6971249,6971239,6971230,6971220,6971211,6971201,6971192,6971182,6971172,6971163,6971153,6971144,6971134,6971125,6971115,6971106,6971096,6971087,6971077,6971067,6971058,6971048,6971039,6971029,6971020,6971010,6971000,
1,1,2,2,2,1,1,1,1,2,2,1,1,1,1,1,1,2,1,1,1,1,2,2,1,1,1,1,2,2,1,1,1,1,1,1,2,1,1,1,1,2,1,2,1,4,1,1,2,2,1,1,1,1,2,2,1,1,1,1,1,2,2,1,1,1,1,1,1,2,1,1,1,1,2,2,1,1,1,1,2,2,2,1,1,1,1,1,2,1,1,1,1,2,1,1,1,1,1,2,
241,216,253,663,800,654,275,217,239,464,792,765,461,237,216,265,679,799,641,264,216,242,481,794,758,445,233,217,279,694,799,626,254,216,245,498,797,752,430,229,218,294,708,799,612,249,216,246,515,799,746,415,226,219,311,723,798,597,248,216,247,532,800,739,400,224,221,328,739,797,582,247,216,248,549,800,731,384,222,222,345,757,796,567,247,216,248,565,800,723,370,220,224,362,780,794,553,247,216,248,
7071946,7071937,7071927,7071918,7071908,7071899,7071889,7071880,7071870,7071860,7071851,7071841,7071832,7071822,7071813,7071803,7071794,7071784,7071774,7071765,7071755,7071746,7071736,7071727,7071717,7071708,7071698,7071689,7071679,7071669,7071660,7071650,7071641,7071631,7071622,7071612,7071603,7071593,7071583,7071574,7071564,7071555,7071545,7071536,7071526,7071517,7071507,7071497,7071488,7071478,7071469,7071459,7071450,7071440,7071431,7071421,7071411,7071402,7071392,7071383,7071373,7071364,7071354,7071345,7071335,7071325,7071316,7071306,7071297,7071287,7071278,7071268,7071259,7071249,7071240,7071230,7071220,7071211,7071201,7071192,7071182,7071173,7071163,7071154,7071144,7071134,7071125,7071115,7071106,7071096,7071087,7071077,7071068,7071058,7071048,7071039,7071029,7071020,7071010,7071000,
2,1,1,1,1,2,1,1,1,1,4,2,2,2,1,1,1,1,2,2,1,1,1,1,2,1,2,1,1,1,1,1,2,1,1,1,1,1,1,2,1,1,1,1,2,2,1,1,1,1,1,2,1,1,1,1,1,2,2,2,1,1,1,2,1,2,1,1,1,1,2,1,1,1,1,1,2,1,2,1,1,1,1,1,2,1,1,1,1,1,2,1,1,1,1,1,1,2,1,1,
800,675,306,217,235,437,789,773,486,243,215,250,653,800,662,291,217,238,454,791,768,470,239,214,258,670,800,649,269,216,241,471,793,762,454,236,216,270,686,799,635,257,216,243,488,796,756,439,232,218,285,700,799,621,250,216,246,504,798,750,424,228,219,301,714,798,606,248,216,247,521,799,743,409,225,220,317,729,797,592,248,216,247,538,799,736,394,223,221,334,744,797,577,248,216,248,554,800,728,379,
7171946,7171937,7171927,7171918,7171908,7171899,7171889,7171879,7171870,7171860,7171851,7171841,7171832,7171822,7171813,7171803,7171793,7171784,7171774,7171765,7171755,7171746,7171736,7171727,7171717,7171707,7171698,7171688,7171679,7171669,7171660,7171650,7171641,7171631,7171622,7171612,7171602,7171593,7171583,7171574,7171564,7171555,7171545,7171536,7171526,7171516,7171507,7171497,7171488,7171478,7171469,7171459,7171450,7171440,7171430,7171421,7171411,7171402,7171392,7171383,7171373,7171364,7171354,7171344,7171335,7171325,7171316,7171306,7171297,7171287,7171278,7171268,7171258,7171249,7171239,7171230,7171220,7171211,7171201,7171192,7171182,7171173,7171163,7171153,7171144,7171134,7171125,7171115,7171106,7171096,7171087,7171077,7171067,7171058,7171048,7171039,7171029,7171020,7171010,7171000,
1,2,2,1,2,1,1,2,2,2,1,1,1,1,1,2,1,1,1,1,1,2,1,1,1,1,1,2,2,2,1,1,1,2,2,1,1,1,1,1,1,2,1,1,1,1,2,2,2,1,1,1,1,2,2,1,1,1,1,2,1,2,1,1,1,1,3,2,2,4,1,1,2,2,1,1,1,1,0,1,2,0,1,1,1,2,2,4,1,1,2,2,2,1,1,1,0,1,2,2,
246,510,798,747,418,227,219,307,719,798,601,248,216,247,528,799,741,404,224,220,324,735,797,586,248,216,248,544,800,733,389,222,222,340,750,796,571,248,216,248,561,800,725,374,220,224,358,779,794,556,248,216,248,578,800,716,359,220,225,375,781,791,542,247,216,248,594,800,707,345,218,227,391,782,788,528,247,216,249,611,800,697,331,218,232,408,785,781,512,247,216,248,624,799,685,316,217,233,425,787,
7271946,7271937,7271927,7271918,7271908,7271899,7271889,7271880,7271870,7271860,7271851,7271841,7271832,7271822,7271813,7271803,7271794,7271784,7271774,7271765,7271755,7271746,7271736,7271727,7271717,7271708,7271698,7271688,7271679,7271669,7271660,7271650,7271641,7271631,7271622,7271612,7271602,7271593,7271583,7271574,7271564,7271555,7271545,7271536,7271526,7271517,7271507,7271497,7271488,7271478,7271469,7271459,7271450,7271440,7271431,7271421,7271411,7271402,7271392,7271383,7271373,7271364,7271354,7271345,7271335,7271325,7271316,7271306,7271297,7271287,7271278,7271268,7271259,7271249,7271239,7271230,7271220,7271211,7271201,7271192,7271182,7271173,7271163,7271153,7271144,7271134,7271125,7271115,7271106,7271096,7271087,7271077,7271068,7271058,7271048,7271039,7271029,7271020,7271010,7271000,
1,1,1,2,1,2,1,1,1,1,2,2,1,1,1,1,2,1,1,1,1,1,1,1,2,1,1,1,1,2,1,1,1,1,1,2,1,2,1,2,1,1,1,1,1,2,1,1,1,1,2,1,0,1,1,2,1,1,1,1,2,1,2,2,1,1,1,1,2,1,2,1,1,1,1,2,2,1,1,1,1,2,1,1,1,1,1,1,2,2,1,1,1,1,2,2,1,1,1,1,
429,229,218,295,709,798,611,249,216,246,516,799,745,414,226,219,312,724,798,596,248,216,247,533,800,738,399,223,221,328,740,796,582,248,216,248,549,800,731,384,222,222,347,757,796,566,248,216,248,566,800,722,369,220,224,363,780,793,552,247,216,248,583,800,713,354,219,226,380,782,790,537,248,216,248,599,800,704,340,218,228,397,783,785,522,247,216,249,617,800,693,326,217,231,413,785,780,506,246,216,
7371946,7371937,7371927,7371918,7371908,7371899,7371889,7371880,7371870,7371860,7371851,7371841,7371832,7371822,7371813,7371803,7371794,7371784,7371774,7371765,7371755,7371746,7371736,7371727,7371717,7371708,7371698,7371689,7371679,7371669,7371660,7371650,7371641,7371631,7371622,7371612,7371603,7371593,7371583,7371574,7371564,7371555,7371545,7371536,7371526,7371517,7371507,7371497,7371488,7371478,7371469,7371459,7371450,7371440,7371431,7371421,7371411,7371402,7371392,7371383,7371373,7371364,7371354,7371345,7371335,7371325,7371316,7371306,7371297,7371287,7371278,7371268,7371259,7371249,7371240,7371230,7371220,7371211,7371201,7371192,7371182,7371173,7371163,7371154,7371144,7371134,7371125,7371115,7371106,7371096,7371087,7371077,7371068,7371058,7371048,7371039,7371029,7371020,7371010,7371000,
2,1,1,1,1,1,1,2,1,1,1,1,2,2,1,2,1,1,1,2,2,1,1,1,2,2,2,1,1,1,1,1,2,2,1,2,1,1,2,2,1,1,1,1,2,2,2,1,1,1,1,2,2,1,1,1,1,1,2,2,1,1,1,1,2,2,1,1,1,1,2,2,2,2,1,1,1,2,2,0,1,1,1,2,2,2,1,1,1,1,2,2,1,1,1,2,1,2,2,1,
781,792,544,248,216,248,591,800,708,347,218,227,389,783,787,531,247,216,248,609,800,698,332,218,230,406,784,782,513,247,216,248,622,800,686,318,217,232,422,786,777,498,245,216,248,638,800,673,304,217,235,440,789,772,483,242,216,251,656,800,661,284,217,238,457,791,767,468,238,216,260,673,800,646,267,216,242,474,793,761,452,235,217,273,688,799,633,256,216,244,491,796,755,436,231,218,288,702,798,617,
7471946,7471937,7471927,7471918,7471908,7471899,7471889,7471880,7471870,7471860,7471851,7471841,7471832,7471822,7471813,7471803,7471794,7471784,7471774,7471765,7471755,7471746,7471736,7471727,7471717,7471708,7471698,7471688,7471679,7471669,7471660,7471650,7471641,7471631,7471622,7471612,7471602,7471593,7471583,7471574,7471564,7471555,7471545,7471536,7471526,7471516,7471507,7471497,7471488,7471478,7471469,7471459,7471450,7471440,7471430,7471421,7471411,7471402,7471392,7471383,7471373,7471364,7471354,7471345,7471335,7471325,7471316,7471306,7471297,7471287,7471278,7471268,7471259,7471249,7471239,7471230,7471220,7471211,7471201,7471192,7471182,7471173,7471163,7471153,7471144,7471134,7471125,7471115,7471106,7471096,7471087,7471077,7471067,7471058,7471048,7471039,7471029,7471020,7471010,7471000,
1,1,2,2,1,1,1,1,2,2,1,1,1,1,2,2,2,1,1,1,2,2,1,2,1,1,1,1,2,2,2,1,1,1,2,2,2,1,1,1,1,1,2,1,1,3,1,2,2,1,2,1,1,2,2,2,1,1,1,1,2,2,1,1,1,1,2,2,1,1,1,1,1,2,1,1,1,1,1,2,2,2,2,1,1,1,1,2,1,1,1,1,2,1,2,1,1,1,1,2,
216,248,572,800,719,363,220,225,370,781,792,545,248,216,248,591,800,708,347,218,227,388,783,788,529,247,216,248,608,800,698,334,218,229,405,785,783,515,248,215,249,621,800,687,319,217,232,421,786,777,498,245,216,248,638,800,673,304,217,235,441,789,772,483,242,216,251,656,800,659,284,216,238,458,791,767,467,239,216,260,674,800,646,268,217,241,474,793,761,452,235,218,273,689,799,632,256,216,244,492,
7571946,7571937,7571927,7571918,7571908,7571898,7571889,7571879,7571870,7571860,7571851,7571841,7571832,7571822,7571812,7571803,7571793,7571784,7571774,7571765,7571755,7571746,7571736,7571726,7571717,7571707,7571698,7571688,7571679,7571669,7571660,7571650,7571640,7571631,7571621,7571612,7571602,7571593,7571583,7571574,7571564,7571554,7571545,7571535,7571526,7571516,7571507,7571497,7571488,7571478,7571469,7571459,7571449,7571440,7571430,7571421,7571411,7571402,7571392,7571383,7571373,7571363,7571354,7571344,7571335,7571325,7571316,7571306,7571297,7571287,7571277,7571268,7571258,7571249,7571239,7571230,7571220,7571211,7571201,7571191,7571182,7571172,7571163,7571153,7571144,7571134,7571125,7571115,7571105,7571096,7571086,7571077,7571067,7571058,7571048,7571039,7571029,7571020,7571010,7571000,
1,1,1,1,1,2,1,1,1,1,1,2,2,2,1,1,1,2,2,1,1,1,1,2,2,2,1,1,1,1,1,2,1,1,1,1,1,1,2,1,1,1,1,2,2,1,1,1,1,2,1,2,1,1,1,1,2,2,1,1,1,1,2,2,2,1,1,1,1,2,0,1,1,3,1,1,2,2,1,1,1,1,2,2,1,1,1,1,2,1,2,1,1,1,1,2,2,1,1,2,
709,348,219,227,386,783,788,530,247,216,248,607,800,699,334,218,229,404,784,783,516,247,216,249,621,800,687,320,217,232,421,786,777,500,245,216,248,636,800,675,306,217,236,439,788,772,483,242,216,251,656,800,660,284,217,238,457,791,768,468,239,217,259,673,800,647,268,216,241,473,794,762,453,236,216,271,690,799,634,256,217,244,490,796,755,438,231,218,286,701,799,619,251,216,246,506,798,749,422,228,
7671946,7671937,7671927,7671918,7671908,7671899,7671889,7671880,7671870,7671860,7671851,7671841,7671832,7671822,7671813,7671803,7671794,7671784,7671774,7671765,7671755,7671746,7671736,7671727,7671717,7671708,7671698,7671688,7671679,7671669,7671660,7671650,7671641,7671631,7671622,7671612,7671602,7671593,7671583,7671574,7671564,7671555,7671545,7671536,7671526,7671516,7671507,7671497,7671488,7671478,7671469,7671459,7671450,7671440,7671430,7671421,7671411,7671402,7671392,7671383,7671373,7671364,7671354,7671345,7671335,7671325,7671316,7671306,7671297,7671287,7671278,7671268,7671259,7671249,7671239,7671230,7671220,7671211,7671201,7671192,7671182,7671173,7671163,7671153,7671144,7671134,7671125,7671115,7671106,7671096,7671087,7671077,7671067,7671058,7671048,7671039,7671029,7671020,7671010,7671000,
2,2,1,1,1,1,1,1,2,1,1,1,1,1,2,1,1,1,1,1,2,2,1,1,1,1,2,2,1,1,1,1,2,2,2,1,1,1,1,2,2,1,1,1,1,2,2,2,1,1,1,1,2,2,1,1,1,1,1,2,2,1,2,5,1,2,2,1,1,1,1,2,1,1,1,1,1,1,2,2,1,1,1,1,1,2,1,1,1,1,1,2,2,1,1,1,1,2,2,2,
422,786,777,499,245,216,248,637,800,674,305,216,235,439,789,773,484,242,216,251,654,800,661,287,217,238,456,791,768,469,239,217,259,672,799,648,268,216,241,472,793,762,453,236,217,271,687,796,634,256,215,244,488,796,756,440,232,217,284,699,798,620,252,216,246,505,798,750,424,228,219,301,715,798,606,248,216,247,522,799,743,409,225,220,317,730,798,593,248,216,248,537,800,737,395,223,221,333,743,796,
7771946,7771937,7771927,7771918,7771908,7771899,7771889,7771880,7771870,7771860,7771851,7771841,7771832,7771822,7771813,7771803,7771794,7771784,7771774,7771765,7771755,7771746,7771736,7771727,7771717,7771708,7771698,7771688,7771679,7771669,7771660,7771650,7771641,7771631,7771622,7771612,7771602,7771593,7771583,7771574,7771564,7771555,7771545,7771536,7771526,7771517,7771507,7771497,7771488,7771478,7771469,7771459,7771450,7771440,7771431,7771421,7771411,7771402,7771392,7771383,7771373,7771364,7771354,7771345,7771335,7771325,7771316,7771306,7771297,7771287,7771278,7771268,7771259,7771249,7771239,7771230,7771220,7771211,7771201,7771192,7771182,7771173,7771163,7771153,7771144,7771134,7771125,7771115,7771106,7771096,7771087,7771077,7771068,7771058,7771048,7771039,7771029,7771020,7771010,7771000,
1,1,2,2,1,2,1,1,1,2,2,1,1,1,1,2,2,1,1,1,1,1,2,2,1,1,1,1,2,2,1,1,1,1,2,2,2,1,1,1,1,2,2,1,1,1,1,2,2,2,1,1,1,1,2,4,1,1,1,1,2,1,2,0,1,1,1,2,2,1,1,1,1,2,1,2,1,1,1,1,2,2,1,1,1,1,1,2,1,1,2,1,1,1,1,2,1,1,1,2,
217,230,410,785,780,509,246,216,248,626,800,682,314,217,233,428,787,775,494,244,216,249,644,800,669,300,217,236,445,789,771,479,241,216,253,660,800,657,278,217,239,462,791,766,464,238,217,265,678,799,642,266,217,242,480,796,760,447,234,217,278,693,799,628,254,216,244,495,796,753,433,230,218,292,705,799,615,249,216,246,511,799,747,419,227,219,306,719,798,601,248,216,247,527,800,741,404,224,220,324,
7871946,7871937,7871927,7871918,7871908,7871899,7871889,7871879,7871870,7871860,7871851,7871841,7871832,7871822,7871813,7871803,7871793,7871784,7871774,7871765,7871755,7871746,7871736,7871727,7871717,7871707,7871698,7871688,7871679,7871669,7871660,7871650,7871641,7871631,7871621,7871612,7871602,7871593,7871583,7871574,7871564,7871555,7871545,7871536,7871526,7871516,7871507,7871497,7871488,7871478,7871469,7871459,7871450,7871440,7871430,7871421,7871411,7871402,7871392,7871383,7871373,7871364,7871354,7871344,7871335,7871325,7871316,7871306,7871297,7871287,7871278,7871268,7871258,7871249,7871239,7871230,7871220,7871211,7871201,7871192,7871182,7871172,7871163,7871153,7871144,7871134,7871125,7871115,7871106,7871096,7871086,7871077,7871067,7871058,7871048,7871039,7871029,7871020,7871010,7871000,
1,1,1,1,2,2,2,1,1,1,1,2,2,1,1,1,1,2,2,1,2,1,1,1,1,2,1,0,1,1,2,2,1,1,1,1,2,2,2,2,1,1,1,2,2,1,1,1,1,1,2,2,1,1,1,2,1,2,2,1,1,1,2,2,2,1,1,2,1,2,2,1,1,1,1,2,2,2,2,1,1,1,2,1,1,1,1,1,1,2,2,1,1,1,1,2,2,1,2,1,
721,366,220,224,365,780,793,549,248,216,248,585,800,712,352,218,226,382,782,789,534,248,216,248,601,800,702,338,218,229,401,784,784,519,247,216,250,618,800,691,324,217,231,417,786,779,504,246,216,248,631,800,678,309,217,234,433,788,774,490,244,216,249,647,800,667,298,216,237,448,790,770,476,240,216,254,664,800,654,274,217,240,465,792,765,460,237,216,266,681,799,640,263,216,242,482,795,758,444,233,
7971946,7971937,7971927,7971918,7971908,7971899,7971889,7971879,7971870,7971860,7971851,7971841,7971832,7971822,7971813,7971803,7971793,7971784,7971774,7971765,7971755,7971746,7971736,7971727,7971717,7971707,7971698,7971688,7971679,7971669,7971660,7971650,7971641,7971631,7971621,7971612,7971602,7971593,7971583,7971574,7971564,7971555,7971545,7971536,7971526,7971516,7971507,7971497,7971488,7971478,7971469,7971459,7971450,7971440,7971430,7971421,7971411,7971402,7971392,7971383,7971373,7971364,7971354,7971344,7971335,7971325,7971316,7971306,7971297,7971287,7971278,7971268,7971258,7971249,7971239,7971230,7971220,7971211,7971201,7971192,7971182,7971172,7971163,7971153,7971144,7971134,7971125,7971115,7971106,7971096,7971086,7971077,7971067,7971058,7971048,7971039,7971029,7971020,7971010,7971000,
2,1,1,1,1,1,1,1,2,2,1,1,1,2,2,1,1,3,1,1,2,2,1,2,1,1,2,2,1,1,1,1,1,2,2,1,1,1,1,2,2,2,1,1,1,1,2,2,2,1,1,1,2,2,1,2,1,1,2,2,2,1,0,1,1,2,2,1,1,1,1,1,1,2,1,1,1,1,2,2,1,1,1,1,1,2,2,1,1,1,1,2,2,1,1,1,1,2,2,2,
377,782,790,539,246,216,248,597,800,705,342,219,228,394,783,786,525,248,216,249,614,800,694,329,218,230,411,785,780,509,246,216,248,624,800,682,314,217,234,429,788,775,493,244,216,249,644,800,670,300,217,236,445,790,771,478,242,216,252,661,800,657,279,217,239,461,792,766,464,238,216,263,677,799,642,265,217,242,477,794,760,448,234,217,277,692,799,629,255,216,245,495,796,753,430,230,218,291,705,799,
8071946,8071937,8071927,8071918,8071908,8071899,8071889,8071880,8071870,8071860,8071851,8071841,8071832,8071822,8071813,8071803,8071794,8071784,8071774,8071765,8071755,8071746,8071736,8071727,8071717,8071708,8071698,8071688,8071679,8071669,8071660,8071650,8071641,8071631,8071622,8071612,8071602,8071593,8071583,8071574,8071564,8071555,8071545,8071536,8071526,8071517,8071507,8071497,8071488,8071478,8071469,8071459,8071450,8071440,8071431,8071421,8071411,8071402,8071392,8071383,8071373,8071364,8071354,8071345,8071335,8071325,8071316,8071306,8071297,8071287,8071278,8071268,8071259,8071249,8071239,8071230,8071220,8071211,8071201,8071192,8071182,8071173,8071163,8071153,8071144,8071134,8071125,8071115,8071106,8071096,8071087,8071077,8071068,8071058,8071048,8071039,8071029,8071020,8071010,8071000,
1,1,1,2,1,1,1,1,1,1,2,2,1,1,1,2,2,2,1,1,1,1,1,2,1,1,1,1,2,2,2,1,1,1,1,2,2,1,1,1,1,2,1,2,1,2,1,2,2,2,1,1,1,1,2,1,1,1,1,1,1,2,2,1,1,1,1,2,2,1,1,1,1,1,1,2,1,1,1,1,2,1,1,2,1,1,1,2,2,1,1,2,1,2,2,2,1,1,1,2,
228,219,306,719,798,603,247,216,247,526,799,741,405,225,220,322,734,797,588,248,216,248,543,800,734,390,222,222,338,749,796,573,247,216,248,559,800,726,375,221,223,356,777,795,558,248,216,248,578,800,717,361,220,225,372,781,791,543,247,216,248,593,797,708,346,218,227,389,783,788,529,247,216,248,608,800,697,333,217,230,405,785,782,514,247,216,249,622,800,686,318,217,233,424,787,776,497,245,216,249,
8171946,8171937,8171927,8171918,8171908,8171899,8171889,8171880,8171870,8171860,8171851,8171841,8171832,8171822,8171813,8171803,8171794,8171784,8171774,8171765,8171755,8171746,8171736,8171727,8171717,8171708,8171698,8171688,8171679,8171669,8171660,8171650,8171641,8171631,8171622,8171612,8171602,8171593,8171583,8171574,8171564,8171555,8171545,8171536,8171526,8171517,8171507,8171497,8171488,8171478,8171469,8171459,8171450,8171440,8171431,8171421,8171411,8171402,8171392,8171383,8171373,8171364,8171354,8171345,8171335,8171325,8171316,8171306,8171297,8171287,8171278,8171268,8171259,8171249,8171239,8171230,8171220,8171211,8171201,8171192,8171182,8171173,8171163,8171153,8171144,8171134,8171125,8171115,8171106,8171096,8171087,8171077,8171068,8171058,8171048,8171039,8171029,8171020,8171010,8171000,
1,1,1,1,2,2,2,1,1,1,1,2,2,1,1,1,1,1,2,2,1,2,3,1,2,2,2,1,1,1,1,1,2,1,1,1,1,1,2,1,1,1,1,2,2,2,1,1,1,1,2,2,2,1,1,1,2,2,2,1,1,1,1,2,2,1,2,1,1,2,2,2,2,1,1,2,2,2,2,1,1,1,1,1,1,1,1,1,2,2,2,1,1,1,0,2,2,2,1,1,
772,482,242,216,251,658,800,657,284,216,239,459,791,767,466,238,216,261,674,799,646,267,217,241,474,794,762,452,235,217,273,688,799,632,256,216,244,491,796,754,436,231,218,287,703,799,617,250,216,246,511,798,748,420,227,219,305,717,798,603,247,216,247,525,799,742,405,225,220,322,734,797,588,248,216,247,543,800,734,390,222,222,338,749,796,573,248,216,248,558,800,727,376,221,224,354,776,795,559,247,
8271946,8271937,8271927,8271918,8271908,8271898,8271889,8271879,8271870,8271860,8271851,8271841,8271832,8271822,8271812,8271803,8271793,8271784,8271774,8271765,8271755,8271746,8271736,8271727,8271717,8271707,8271698,8271688,8271679,8271669,8271660,8271650,8271641,8271631,8271621,8271612,8271602,8271593,8271583,8271574,8271564,8271555,8271545,8271535,8271526,8271516,8271507,8271497,8271488,8271478,8271469,8271459,8271449,8271440,8271430,8271421,8271411,8271402,8271392,8271383,8271373,8271363,8271354,8271344,8271335,8271325,8271316,8271306,8271297,8271287,8271278,8271268,8271258,8271249,8271239,8271230,8271220,8271211,8271201,8271192,8271182,8271172,8271163,8271153,8271144,8271134,8271125,8271115,8271106,8271096,8271086,8271077,8271067,8271058,8271048,8271039,8271029,8271020,8271010,8271000,
2,1,1,1,2,1,2,2,2,1,1,1,1,2,2,2,1,1,2,1,1,2,1,1,1,1,2,2,1,1,1,1,2,2,2,0,1,1,1,2,3,1,1,1,1,1,2,2,1,1,1,1,2,2,2,1,1,1,2,2,1,1,1,1,1,1,2,1,1,1,1,2,2,2,1,1,1,1,2,2,1,1,1,3,1,1,1,1,1,1,1,1,2,1,1,1,2,2,1,2,
417,785,779,504,246,216,248,632,800,679,310,217,234,433,788,774,489,244,215,249,649,800,665,295,217,237,450,790,769,474,240,216,256,666,800,649,272,217,240,467,792,764,458,237,217,266,682,799,639,263,216,243,483,794,758,444,233,217,280,696,799,625,253,216,245,499,797,751,429,229,218,296,710,798,611,248,216,247,516,799,746,414,226,218,312,724,798,597,248,216,247,532,799,738,399,223,221,330,741,797,
8371946,8371937,8371927,8371917,8371908,8371898,8371889,8371879,8371870,8371860,8371851,8371841,8371832,8371822,8371812,8371803,8371793,8371784,8371774,8371765,8371755,8371746,8371736,8371726,8371717,8371707,8371698,8371688,8371679,8371669,8371660,8371650,8371640,8371631,8371621,8371612,8371602,8371593,8371583,8371574,8371564,8371554,8371545,8371535,8371526,8371516,8371507,8371497,8371488,8371478,8371468,8371459,8371449,8371440,8371430,8371421,8371411,8371402,8371392,8371382,8371373,8371363,8371354,8371344,8371335,8371325,8371316,8371306,8371297,8371287,8371277,8371268,8371258,8371249,8371239,8371230,8371220,8371211,8371201,8371191,8371182,8371172,8371163,8371153,8371144,8371134,8371125,8371115,8371105,8371096,8371086,8371077,8371067,8371058,8371048,8371039,8371029,8371019,8371010,8371000,
1,2,1,2,2,1,1,1,1,2,2,1,1,1,1,2,1,2,1,1,1,2,2,2,1,0,1,1,1,2,2,1,1,1,1,1,2,1,1,1,1,2,2,2,1,1,0,1,1,2,1,1,1,1,2,2,1,1,1,1,1,2,2,1,1,1,1,1,2,1,1,1,2,1,2,2,1,1,1,1,2,2,2,1,1,1,1,1,2,2,1,1,2,2,2,1,1,1,1,2,
239,216,257,669,800,649,269,217,241,472,793,762,454,236,217,272,687,799,634,256,216,244,490,796,755,437,231,217,286,701,799,620,251,217,246,506,798,749,423,228,219,302,715,798,605,248,216,247,522,799,743,408,225,220,318,730,798,591,248,216,248,539,800,736,394,223,221,334,744,796,577,248,216,248,555,800,728,379,221,223,351,772,795,562,248,216,248,571,800,719,364,220,225,368,781,793,547,247,216,248,
8471946,8471937,8471927,8471918,8471908,8471899,8471889,8471879,8471870,8471860,8471851,8471841,8471832,8471822,8471813,8471803,8471793,8471784,8471774,8471765,8471755,8471746,8471736,8471727,8471717,8471707,8471698,8471688,8471679,8471669,8471660,8471650,8471641,8471631,8471621,8471612,8471602,8471593,8471583,8471574,8471564,8471555,8471545,8471536,8471526,8471516,8471507,8471497,8471488,8471478,8471469,8471459,8471450,8471440,8471430,8471421,8471411,8471402,8471392,8471383,8471373,8471364,8471354,8471344,8471335,8471325,8471316,8471306,8471297,8471287,8471278,8471268,8471258,8471249,8471239,8471230,8471220,8471211,8471201,8471192,8471182,8471172,8471163,8471153,8471144,8471134,8471125,8471115,8471106,8471096,8471087,8471077,8471067,8471058,8471048,8471039,8471029,8471020,8471010,8471000,
4,2,1,1,1,2,2,1,1,1,1,2,2,1,1,2,1,1,2,2,2,1,1,1,2,2,2,2,1,1,1,1,2,1,1,1,1,2,2,2,2,1,1,1,2,2,2,1,1,1,2,1,2,2,1,1,1,2,1,1,2,1,1,2,2,2,1,2,1,1,2,2,1,1,1,1,3,2,1,1,1,1,1,2,2,1,1,1,1,2,2,2,1,1,1,2,1,2,0,2,
799,608,249,216,246,519,799,744,411,226,220,315,727,798,594,248,216,248,535,800,738,397,223,221,331,741,797,581,248,216,248,550,800,730,382,221,222,347,764,796,566,247,216,248,567,800,722,368,220,224,364,780,793,550,248,216,248,586,800,712,353,219,226,381,782,790,535,247,216,248,600,800,702,339,218,228,398,784,785,520,247,216,249,617,800,692,325,218,231,416,786,779,505,246,216,248,630,800,678,309,
8571946,8571937,8571927,8571918,8571908,8571899,8571889,8571880,8571870,8571860,8571851,8571841,8571832,8571822,8571813,8571803,8571794,8571784,8571774,8571765,8571755,8571746,8571736,8571727,8571717,8571708,8571698,8571688,8571679,8571669,8571660,8571650,8571641,8571631,8571622,8571612,8571602,8571593,8571583,8571574,8571564,8571555,8571545,8571536,8571526,8571517,8571507,8571497,8571488,8571478,8571469,8571459,8571450,8571440,8571431,8571421,8571411,8571402,8571392,8571383,8571373,8571364,8571354,8571345,8571335,8571325,8571316,8571306,8571297,8571287,8571278,8571268,8571259,8571249,8571239,8571230,8571220,8571211,8571201,8571192,8571182,8571173,8571163,8571153,8571144,8571134,8571125,8571115,8571106,8571096,8571087,8571077,8571068,8571058,8571048,8571039,8571029,8571020,8571010,8571000,
1,2,2,2,1,1,1,2,2,1,1,1,1,1,1,2,1,1,1,1,2,1,2,1,1,1,1,2,2,1,1,2,1,2,1,2,1,1,1,1,2,2,1,1,1,1,2,1,2,0,1,1,2,1,2,1,1,1,3,1,2,2,1,1,1,1,2,2,1,1,1,1,2,2,1,1,1,1,1,2,2,1,1,1,1,2,2,1,2,1,2,1,2,2,2,1,1,1,2,2,
242,478,794,760,448,234,217,277,692,799,628,255,216,245,495,796,754,432,230,218,292,706,798,614,249,216,246,512,799,746,417,226,219,308,721,798,599,247,216,247,530,799,740,402,224,221,325,737,797,585,248,216,248,545,800,733,388,222,222,341,752,796,569,247,216,248,563,800,724,372,220,224,360,780,794,555,248,216,248,579,800,714,357,219,225,376,782,791,540,247,216,248,596,800,705,343,218,228,393,785,
8671946,8671937,8671927,8671918,8671908,8671899,8671889,8671879,8671870,8671860,8671851,8671841,8671832,8671822,8671813,8671803,8671793,8671784,8671774,8671765,8671755,8671746,8671736,8671727,8671717,8671707,8671698,8671688,8671679,8671669,8671660,8671650,8671641,8671631,8671621,8671612,8671602,8671593,8671583,8671574,8671564,8671555,8671545,8671536,8671526,8671516,8671507,8671497,8671488,8671478,8671469,8671459,8671450,8671440,8671430,8671421,8671411,8671402,8671392,8671383,8671373,8671364,8671354,8671344,8671335,8671325,8671316,8671306,8671297,8671287,8671278,8671268,8671258,8671249,8671239,8671230,8671220,8671211,8671201,8671192,8671182,8671172,8671163,8671153,8671144,8671134,8671125,8671115,8671106,8671096,8671087,8671077,8671067,8671058,8671048,8671039,8671029,8671020,8671010,8671000,
1,1,1,2,2,1,1,1,1,2,2,2,1,1,1,1,2,1,1,1,1,1,3,1,2,2,1,1,2,2,2,1,1,1,1,0,2,2,1,1,1,1,2,2,1,1,1,1,2,2,2,1,1,1,1,2,1,1,2,1,1,2,2,1,3,1,1,2,1,2,2,1,1,1,1,2,2,1,1,1,1,2,1,2,1,2,1,2,2,1,1,1,1,1,2,2,1,2,1,2,
317,217,233,425,787,776,496,245,216,249,640,800,672,302,217,236,441,789,772,481,241,216,252,658,800,661,283,217,238,458,792,768,467,239,216,259,672,800,648,268,216,241,472,793,762,453,235,217,272,688,799,633,256,217,244,490,796,755,437,231,218,287,701,799,618,251,216,246,506,798,749,423,228,219,302,716,798,607,248,216,247,523,799,742,407,225,220,320,731,797,590,248,216,246,539,800,736,393,223,221,
8771946,8771937,8771927,8771918,8771908,8771899,8771889,8771879,8771870,8771860,8771851,8771841,8771832,8771822,8771813,8771803,8771794,8771784,8771774,8771765,8771755,8771746,8771736,8771727,8771717,8771708,8771698,8771688,8771679,8771669,8771660,8771650,8771641,8771631,8771622,8771612,8771602,8771593,8771583,8771574,8771564,8771555,8771545,8771536,8771526,8771516,8771507,8771497,8771488,8771478,8771469,8771459,8771450,8771440,8771430,8771421,8771411,8771402,8771392,8771383,8771373,8771364,8771354,8771345,8771335,8771325,8771316,8771306,8771297,8771287,8771278,8771268,8771259,8771249,8771239,8771230,8771220,8771211,8771201,8771192,8771182,8771173,8771163,8771153,8771144,8771134,8771125,8771115,8771106,8771096,8771087,8771077,8771067,8771058,8771048,8771039,8771029,8771020,8771010,8771000,
2,1,1,1,1,2,2,2,1,2,1,1,2,2,2,1,1,1,2,2,2,0,1,1,1,1,2,1,2,1,1,2,2,2,1,1,1,2,2,2,2,1,1,1,1,1,2,1,1,1,1,2,2,2,1,1,1,1,2,2,1,2,1,1,2,2,1,1,1,1,2,1,2,1,1,1,1,2,2,1,1,1,1,2,1,2,1,1,1,2,2,1,1,1,1,1,2,2,1,1,
786,777,499,245,216,248,637,800,674,305,217,235,439,789,772,484,242,216,251,655,800,661,286,217,238,456,791,768,468,239,216,259,672,800,647,268,217,241,473,793,762,453,235,217,272,688,799,633,256,216,244,491,796,754,437,231,218,288,702,799,618,251,216,246,506,798,749,422,228,219,302,715,798,605,248,216,247,524,799,742,407,225,220,321,732,798,589,247,216,247,541,800,734,391,222,221,337,748,797,574,
8871946,8871937,8871927,8871918,8871908,8871899,8871889,8871879,8871870,8871860,8871851,8871841,8871832,8871822,8871813,8871803,8871793,8871784,8871774,8871765,8871755,8871746,8871736,8871727,8871717,8871707,8871698,8871688,8871679,8871669,8871660,8871650,8871641,8871631,8871621,8871612,8871602,8871593,8871583,8871574,8871564,8871555,8871545,8871536,8871526,8871516,8871507,8871497,8871488,8871478,8871469,8871459,8871450,8871440,8871430,8871421,8871411,8871402,8871392,8871383,8871373,8871364,8871354,8871344,8871335,8871325,8871316,8871306,8871297,8871287,8871278,8871268,8871258,8871249,8871239,8871230,8871220,8871211,8871201,8871192,8871182,8871172,8871163,8871153,8871144,8871134,8871125,8871115,8871106,8871096,8871086,8871077,8871067,8871058,8871048,8871039,8871029,8871020,8871010,8871000,
1,1,2,2,1,1,1,1,2,2,0,1,1,1,1,2,2,1,1,2,1,2,2,2,1,1,1,1,2,1,1,1,1,1,2,2,2,1,1,1,1,2,2,2,1,1,1,4,2,1,1,1,1,1,1,2,1,1,1,1,2,2,2,1,1,1,1,2,2,1,1,1,2,2,2,2,1,1,1,1,1,2,1,1,1,2,2,2,1,1,1,1,2,2,2,1,0,1,1,2,
216,248,545,800,732,387,222,222,342,752,796,570,248,216,248,562,800,724,373,220,223,358,778,794,556,248,216,248,578,800,715,358,219,225,376,782,791,541,247,216,248,595,800,705,344,218,228,393,783,786,525,247,216,251,614,800,696,329,218,230,410,785,781,510,246,216,248,625,800,683,314,217,233,427,786,776,495,244,216,248,642,800,670,301,217,236,444,789,771,480,241,216,252,657,799,658,281,216,238,460,
8971946,8971937,8971927,8971918,8971908,8971899,8971889,8971880,8971870,8971860,8971851,8971841,8971832,8971822,8971813,8971803,8971794,8971784,8971774,8971765,8971755,8971746,8971736,8971727,8971717,8971708,8971698,8971688,8971679,8971669,8971660,8971650,8971641,8971631,8971622,8971612,8971602,8971593,8971583,8971574,8971564,8971555,8971545,8971536,8971526,8971517,8971507,8971497,8971488,8971478,8971469,8971459,8971450,8971440,8971431,8971421,8971411,8971402,8971392,8971383,8971373,8971364,8971354,8971345,8971335,8971325,8971316,8971306,8971297,8971287,8971278,8971268,8971259,8971249,8971239,8971230,8971220,8971211,8971201,8971192,8971182,8971173,8971163,8971153,8971144,8971134,8971125,8971115,8971106,8971096,8971087,8971077,8971068,8971058,8971048,8971039,8971029,8971020,8971010,8971000,
2,2,1,1,2,1,2,1,1,1,2,2,2,2,1,1,1,2,2,2,1,1,1,1,2,2,2,1,1,1,2,2,1,1,1,1,2,2,1,1,1,1,1,2,2,1,1,1,1,1,1,2,1,1,1,1,2,1,5,1,1,1,2,2,1,2,1,1,1,2,2,2,1,1,1,2,2,2,1,1,1,1,2,2,2,1,1,1,2,2,2,1,1,1,1,2,2,1,1,1,
686,318,217,232,423,787,777,498,246,216,251,637,800,673,305,217,235,440,789,772,483,242,216,251,656,800,662,286,216,238,457,791,768,468,239,216,259,673,800,647,268,217,239,473,794,762,453,235,217,272,687,799,634,256,216,244,489,796,755,439,231,218,285,700,799,620,252,216,246,505,798,749,424,228,218,301,714,800,606,248,216,247,521,799,744,409,225,220,317,729,798,592,248,216,248,539,800,736,393,222,
9071946,9071937,9071927,9071918,9071908,9071898,9071889,9071879,9071870,9071860,9071851,9071841,9071832,9071822,9071812,9071803,9071793,9071784,9071774,9071765,9071755,9071746,9071736,9071727,9071717,9071707,9071698,9071688,9071679,9071669,9071660,9071650,9071641,9071631,9071621,9071612,9071602,9071593,9071583,9071574,9071564,9071555,9071545,9071535,9071526,9071516,9071507,9071497,9071488,9071478,9071469,9071459,9071449,9071440,9071430,9071421,9071411,9071402,9071392,9071383,9071373,9071363,9071354,9071344,9071335,9071325,9071316,9071306,9071297,9071287,9071277,9071268,9071258,9071249,9071239,9071230,9071220,9071211,9071201,9071192,9071182,9071172,9071163,9071153,9071144,9071134,9071125,9071115,9071106,9071096,9071086,9071077,9071067,9071058,9071048,9071039,9071029,9071020,9071010,9071000,
2,2,1,1,1,1,2,2,2,1,1,1,1,2,1,1,1,1,1,2,1,1,2,1,1,1,2,2,1,2,1,1,1,2,2,1,1,1,1,2,2,1,1,1,1,2,2,2,1,1,1,0,2,2,1,1,1,2,1,1,1,1,1,1,1,2,2,1,1,1,1,2,2,1,1,1,1,2,1,2,1,1,1,1,2,1,2,1,1,1,2,1,2,1,1,1,1,1,2,2,
458,791,767,466,239,216,262,675,799,644,266,217,242,478,794,760,448,234,217,275,691,799,630,256,217,244,494,796,754,434,230,218,290,704,799,616,250,216,246,509,798,747,422,226,219,308,719,798,602,248,216,247,527,800,741,404,224,220,323,735,797,587,248,216,247,544,800,734,389,222,222,340,749,796,572,248,216,248,560,800,726,374,221,223,356,778,795,557,247,216,248,577,800,716,359,220,225,374,781,791,
9171946,9171937,9171927,9171918,9171908,9171898,9171889,9171879,9171870,9171860,9171851,9171841,9171832,9171822,9171812,9171803,9171793,9171784,9171774,9171765,9171755,9171746,9171736,9171727,9171717,9171707,9171698,9171688,9171679,9171669,9171660,9171650,9171641,9171631,9171621,9171612,9171602,9171593,9171583,9171574,9171564,9171555,9171545,9171535,9171526,9171516,9171507,9171497,9171488,9171478,9171469,9171459,9171449,9171440,9171430,9171421,9171411,9171402,9171392,9171383,9171373,9171363,9171354,9171344,9171335,9171325,9171316,9171306,9171297,9171287,9171277,9171268,9171258,9171249,9171239,9171230,9171220,9171211,9171201,9171192,9171182,9171172,9171163,9171153,9171144,9171134,9171125,9171115,9171106,9171096,9171086,9171077,9171067,9171058,9171048,9171039,9171029,9171020,9171010,9171000,
1,1,1,1,2,2,1,2,1,2,2,1,1,1,1,1,2,4,1,1,1,1,2,2,1,2,1,1,1,2,2,1,1,1,1,2,2,1,1,1,1,1,2,2,1,0,1,1,2,2,2,1,1,1,2,2,2,1,1,1,1,1,2,1,2,1,1,2,2,2,1,1,1,1,2,2,1,1,1,1,1,2,2,1,1,1,1,2,2,1,1,1,1,2,2,2,1,1,1,1,
247,216,248,575,800,717,361,219,225,372,781,792,544,247,217,249,591,802,708,346,217,227,390,782,787,528,248,216,249,611,800,697,331,217,230,409,785,781,511,246,216,248,625,800,683,315,217,232,426,787,776,496,245,216,249,641,800,671,302,217,236,442,789,772,481,241,216,252,658,800,658,280,217,239,460,792,766,464,238,216,262,676,800,644,266,216,242,477,794,760,449,234,217,276,691,799,629,255,216,245,
9271946,9271937,9271927,9271918,9271908,9271898,9271889,9271879,9271870,9271860,9271851,9271841,9271832,9271822,9271812,9271803,9271793,9271784,9271774,9271765,9271755,9271746,9271736,9271726,9271717,9271707,9271698,9271688,9271679,9271669,9271660,9271650,9271640,9271631,9271621,9271612,9271602,9271593,9271583,9271574,9271564,9271555,9271545,9271535,9271526,9271516,9271507,9271497,9271488,9271478,9271469,9271459,9271449,9271440,9271430,9271421,9271411,9271402,9271392,9271383,9271373,9271363,9271354,9271344,9271335,9271325,9271316,9271306,9271297,9271287,9271277,9271268,9271258,9271249,9271239,9271230,9271220,9271211,9271201,9271191,9271182,9271172,9271163,9271153,9271144,9271134,9271125,9271115,9271105,9271096,9271086,9271077,9271067,9271058,9271048,9271039,9271029,9271020,9271010,9271000,
2,1,1,1,1,1,1,2,1,1,1,1,2,2,2,1,1,1,2,1,1,1,1,1,1,1,2,1,1,1,1,2,2,2,1,1,1,1,2,2,2,1,1,1,1,2,2,1,1,1,1,1,2,1,1,1,1,2,1,2,1,1,1,1,1,2,1,1,1,1,2,1,1,1,1,1,1,1,2,1,1,1,1,2,0,2,1,2,1,1,2,1,1,1,1,1,2,2,1,2,
796,755,438,231,217,286,700,799,620,251,216,246,506,798,749,422,228,219,303,716,798,605,248,216,247,524,799,742,406,225,220,321,734,797,589,248,216,248,541,800,736,393,223,222,336,746,796,575,247,216,248,557,800,726,376,221,224,356,780,795,558,248,216,248,576,800,716,359,219,225,374,781,791,542,247,216,248,593,800,708,346,219,227,391,784,787,528,247,216,248,611,800,696,330,218,229,408,785,781,511,
9371946,9371937,9371927,9371918,9371908,9371899,9371889,9371879,9371870,9371860,9371851,9371841,9371832,9371822,9371813,9371803,9371793,9371784,9371774,9371765,9371755,9371746,9371736,9371727,9371717,9371707,9371698,9371688,9371679,9371669,9371660,9371650,9371641,9371631,9371621,9371612,9371602,9371593,9371583,9371574,9371564,9371555,9371545,9371536,9371526,9371516,9371507,9371497,9371488,9371478,9371469,9371459,9371450,9371440,9371430,9371421,9371411,9371402,9371392,9371383,9371373,9371364,9371354,9371344,9371335,9371325,9371316,9371306,9371297,9371287,9371278,9371268,9371258,9371249,9371239,9371230,9371220,9371211,9371201,9371192,9371182,9371172,9371163,9371153,9371144,9371134,9371125,9371115,9371106,9371096,9371086,9371077,9371067,9371058,9371048,9371039,9371029,9371020,9371010,9371000,
1,2,2,2,2,1,1,1,1,1,2,1,1,1,1,2,2,2,2,1,2,1,1,2,1,1,1,1,2,2,2,2,1,1,1,1,2,2,1,1,1,2,1,2,1,1,1,1,2,2,1,1,1,1,2,2,1,1,1,1,1,2,2,2,1,1,1,0,2,2,2,1,1,1,1,1,1,1,1,1,2,2,1,1,1,0,1,2,2,1,1,1,1,2,2,2,1,1,1,2,
225,220,319,731,797,590,248,216,248,540,800,734,392,222,221,337,748,796,574,248,216,248,558,801,726,375,221,223,355,778,795,559,248,216,248,576,800,717,361,220,225,373,781,792,543,248,216,248,593,800,707,345,218,227,391,783,787,527,247,216,248,612,800,696,330,218,230,409,785,781,510,247,216,248,625,800,683,315,217,233,426,788,776,496,244,216,248,642,800,670,301,217,236,444,789,771,479,241,216,253,
9471946,9471937,9471927,9471918,9471908,9471899,9471889,9471880,9471870,9471860,9471851,9471841,9471832,9471822,9471813,9471803,9471794,9471784,9471774,9471765,9471755,9471746,9471736,9471727,9471717,9471708,9471698,9471688,9471679,9471669,9471660,9471650,9471641,9471631,9471622,9471612,9471602,9471593,9471583,9471574,9471564,9471555,9471545,9471536,9471526,9471516,9471507,9471497,9471488,9471478,9471469,9471459,9471450,9471440,9471431,9471421,9471411,9471402,9471392,9471383,9471373,9471364,9471354,9471345,9471335,9471325,9471316,9471306,9471297,9471287,9471278,9471268,9471259,9471249,9471239,9471230,9471220,9471211,9471201,9471192,9471182,9471173,9471163,9471153,9471144,9471134,9471125,9471115,9471106,9471096,9471087,9471077,9471067,9471058,9471048,9471039,9471029,9471020,9471010,9471000,
2,1,1,1,1,1,2,2,1,1,1,1,1,2,1,1,1,1,2,1,2,1,1,1,2,2,2,1,2,1,1,1,2,2,2,1,1,1,1,2,1,1,1,1,2,2,2,1,2,1,1,2,2,1,1,2,1,1,2,2,1,1,1,2,1,2,2,1,1,1,2,2,2,1,1,1,1,2,2,1,1,1,1,1,1,2,1,1,1,1,2,2,1,1,1,1,1,2,1,1,
783,787,527,248,216,249,612,800,696,330,218,230,408,784,781,511,246,216,248,625,800,684,315,217,233,426,787,777,497,245,216,249,641,800,672,302,216,236,442,789,771,480,240,216,253,660,800,657,278,217,239,462,792,766,462,238,217,264,678,799,641,264,216,242,480,794,760,446,233,217,278,694,799,626,254,217,245,498,797,752,430,229,218,295,709,798,612,249,216,246,516,799,745,414,226,220,312,725,798,595,
9571946,9571937,9571927,9571918,9571908,9571898,9571889,9571879,9571870,9571860,9571851,9571841,9571832,9571822,9571812,9571803,9571793,9571784,9571774,9571765,9571755,9571746,9571736,9571726,9571717,9571707,9571698,9571688,9571679,9571669,9571660,9571650,9571640,9571631,9571621,9571612,9571602,9571593,9571583,9571574,9571564,9571554,9571545,9571535,9571526,9571516,9571507,9571497,9571488,9571478,9571469,9571459,9571449,9571440,9571430,9571421,9571411,9571402,9571392,9571383,9571373,9571363,9571354,9571344,9571335,9571325,9571316,9571306,9571297,9571287,9571277,9571268,9571258,9571249,9571239,9571230,9571220,9571211,9571201,9571191,9571182,9571172,9571163,9571153,9571144,9571134,9571125,9571115,9571105,9571096,9571086,9571077,9571067,9571058,9571048,9571039,9571029,9571020,9571010,9571000,
1,1,2,2,2,2,1,1,1,1,2,1,1,1,1,2,2,1,1,1,1,1,2,2,1,1,1,1,2,1,2,1,1,1,1,2,2,1,1,1,1,2,1,1,1,1,1,2,2,2,1,1,1,0,2,2,1,1,1,1,2,2,2,1,1,1,1,1,2,1,1,1,1,2,2,0,1,1,1,1,2,2,1,1,1,2,1,2,1,1,1,1,1,2,1,2,1,1,1,2,
223,221,336,746,797,576,248,216,248,557,800,727,377,221,223,354,775,795,560,247,216,248,574,800,718,362,219,225,371,781,792,545,247,216,248,592,800,708,347,218,227,389,783,787,528,247,216,248,610,800,697,332,217,230,407,785,782,514,247,216,249,622,800,686,317,217,232,423,787,776,498,245,216,248,639,800,673,303,215,236,442,789,772,481,241,216,252,660,800,657,279,216,239,460,791,766,466,238,217,262,
9671946,9671937,9671927,9671918,9671908,9671898,9671889,9671879,9671870,9671860,9671851,9671841,9671832,9671822,9671812,9671803,9671793,9671784,9671774,9671765,9671755,9671746,9671736,9671726,9671717,9671707,9671698,9671688,9671679,9671669,9671660,9671650,9671641,9671631,9671621,9671612,9671602,9671593,9671583,9671574,9671564,9671555,9671545,9671535,9671526,9671516,9671507,9671497,9671488,9671478,9671469,9671459,9671449,9671440,9671430,9671421,9671411,9671402,9671392,9671383,9671373,9671363,9671354,9671344,9671335,9671325,9671316,9671306,9671297,9671287,9671277,9671268,9671258,9671249,9671239,9671230,9671220,9671211,9671201,9671191,9671182,9671172,9671163,9671153,9671144,9671134,9671125,9671115,9671106,9671096,9671086,9671077,9671067,9671058,9671048,9671039,9671029,9671020,9671010,9671000,
2,1,1,1,1,2,1,1,2,1,1,2,1,2,1,1,1,0,1,2,2,1,1,1,1,1,2,1,1,1,1,2,2,1,2,1,1,1,2,2,1,1,1,1,2,2,1,1,1,1,1,1,2,1,1,1,2,2,2,2,1,1,2,1,1,2,1,1,2,1,2,2,1,1,1,1,1,2,2,1,1,1,1,2,2,2,1,1,1,1,2,2,1,1,1,1,1,2,1,2,
799,745,413,226,219,313,725,798,596,248,216,247,533,799,738,399,224,221,329,740,797,582,249,216,248,550,800,730,384,222,222,346,760,796,566,248,216,248,567,801,722,368,220,224,363,780,793,551,247,216,248,583,800,713,354,219,226,380,782,790,537,248,216,249,600,800,702,339,218,228,398,783,785,521,247,216,248,617,800,692,325,217,231,415,786,779,505,246,216,248,631,800,678,310,217,234,431,788,774,488,
9771946,9771937,9771927,9771918,9771908,9771898,9771889,9771879,9771870,9771860,9771851,9771841,9771832,9771822,9771812,9771803,9771793,9771784,9771774,9771765,9771755,9771746,9771736,9771726,9771717,9771707,9771698,9771688,9771679,9771669,9771660,9771650,9771641,9771631,9771621,9771612,9771602,9771593,9771583,9771574,9771564,9771555,9771545,9771535,9771526,9771516,9771507,9771497,9771488,9771478,9771469,9771459,9771449,9771440,9771430,9771421,9771411,9771402,9771392,9771383,9771373,9771363,9771354,9771344,9771335,9771325,9771316,9771306,9771297,9771287,9771277,9771268,9771258,9771249,9771239,9771230,9771220,9771211,9771201,9771192,9771182,9771172,9771163,9771153,9771144,9771134,9771125,9771115,9771106,9771096,9771086,9771077,9771067,9771058,9771048,9771039,9771029,9771020,9771010,9771000,
1,1,1,2,1,1,1,1,2,2,2,1,1,1,1,2,2,1,1,1,2,2,1,2,1,1,1,1,2,1,1,1,1,1,2,2,2,1,1,1,1,2,2,2,1,1,1,2,2,2,1,1,1,1,1,2,2,1,1,1,2,2,2,1,1,1,1,2,2,0,1,1,1,1,2,1,1,1,1,1,2,2,2,1,1,1,2,1,1,1,1,1,2,2,2,1,1,2,1,2,
216,241,475,794,762,451,234,217,273,689,799,632,256,216,244,491,796,754,436,231,218,289,703,799,617,250,216,246,509,798,748,420,227,219,305,714,798,604,248,217,247,525,799,742,406,224,220,321,733,798,590,248,216,248,541,799,734,391,222,222,338,749,796,573,248,216,248,559,800,725,374,220,224,357,778,795,556,247,216,248,577,800,716,359,219,225,374,781,792,542,247,216,248,594,800,707,345,218,227,392,
9871946,9871937,9871927,9871918,9871908,9871898,9871889,9871879,9871870,9871860,9871851,9871841,9871832,9871822,9871813,9871803,9871793,9871784,9871774,9871765,9871755,9871746,9871736,9871727,9871717,9871707,9871698,9871688,9871679,9871669,9871660,9871650,9871641,9871631,9871621,9871612,9871602,9871593,9871583,9871574,9871564,9871555,9871545,9871535,9871526,9871516,9871507,9871497,9871488,9871478,9871469,9871459,9871449,9871440,9871430,9871421,9871411,9871402,9871392,9871383,9871373,9871364,9871354,9871344,9871335,9871325,9871316,9871306,9871297,9871287,9871278,9871268,9871258,9871249,9871239,9871230,9871220,9871211,9871201,9871192,9871182,9871172,9871163,9871153,9871144,9871134,9871125,9871115,9871106,9871096,9871086,9871077,9871067,9871058,9871048,9871039,9871029,9871020,9871010,9871000,
2,1,1,1,1,2,2,1,2,2,1,2,1,2,1,1,1,1,2,2,2,1,1,1,2,1,2,1,1,1,2,2,2,1,1,1,1,1,2,2,2,1,1,1,2,2,1,2,1,1,1,1,2,1,2,1,1,1,2,2,1,1,1,1,2,2,2,3,1,1,2,2,1,1,1,1,1,2,2,1,1,1,1,1,2,1,1,1,1,2,2,2,1,1,1,1,2,2,1,1,
800,703,340,218,228,397,784,785,521,247,215,249,618,800,692,324,217,231,416,786,779,505,246,216,248,633,800,678,309,217,234,434,788,774,489,243,216,249,649,800,665,295,217,237,451,790,769,473,240,216,256,667,800,651,271,216,240,468,793,763,457,236,217,269,684,800,637,258,216,243,486,795,758,442,232,217,282,697,799,623,252,216,246,502,797,750,426,228,218,300,713,798,607,248,216,247,522,799,743,408,
9971946,9971937,9971927,9971917,9971908,9971898,9971889,9971879,9971870,9971860,9971851,9971841,9971832,9971822,9971812,9971803,9971793,9971784,9971774,9971765,9971755,9971746,9971736,9971726,9971717,9971707,9971698,9971688,9971679,9971669,9971660,9971650,9971640,9971631,9971621,9971612,9971602,9971593,9971583,9971574,9971564,9971554,9971545,9971535,9971526,9971516,9971507,9971497,9971488,9971478,9971468,9971459,9971449,9971440,9971430,9971421,9971411,9971402,9971392,9971383,9971373,9971363,9971354,9971344,9971335,9971325,9971316,9971306,9971297,9971287,9971277,9971268,9971258,9971249,9971239,9971230,9971220,9971211,9971201,9971191,9971182,9971172,9971163,9971153,9971144,9971134,9971125,9971115,9971105,9971096,9971086,9971077,9971067,9971058,9971048,9971039,9971029,9971019,9971010,9971000,
1,1,3,2,2,1,1,2,2,1,2,1,1,1,2,1,1,2,1,1,1,2,1,2,1,1,1,1,2,2,1,1,1,1,0,2,2,1,1,1,1,2,2,1,1,1,1,2,2,2,1,1,1,1,1,2,1,1,1,1,2,1,1,1,1,1,0,1,2,1,1,1,1,2,2,1,2,1,2,1,2,2,1,1,2,1,1,2,1,1,1,1,2,2,2,2,1,1,1,2,
216,248,537,800,736,394,223,221,336,746,796,576,248,216,248,557,800,726,377,221,223,354,776,795,560,248,216,248,573,800,718,362,220,225,373,781,793,545,247,216,248,590,800,709,347,218,227,389,783,788,530,247,216,249,608,800,698,332,218,229,406,784,782,514,247,215,249,622,800,684,318,217,233,423,787,777,498,245,216,248,638,800,673,304,217,235,440,789,772,482,242,216,252,658,800,659,283,217,240,459,
10071946,10071937,10071927,10071918,10071908,10071899,10071889,10071879,10071870,10071860,10071851,10071841,10071832,10071822,10071813,10071803,10071793,10071784,10071774,10071765,10071755,10071746,10071736,10071727,10071717,10071707,10071698,10071688,10071679,10071669,10071660,10071650,10071641,10071631,10071621,10071612,10071602,10071593,10071583,10071574,10071564,10071555,10071545,10071536,10071526,10071516,10071507,10071497,10071488,10071478,10071469,10071459,10071450,10071440,10071430,10071421,10071411,10071402,10071392,10071383,10071373,10071364,10071354,10071344,10071335,10071325,10071316,10071306,10071297,10071287,10071278,10071268,10071258,10071249,10071239,10071230,10071220,10071211,10071201,10071192,10071182,10071172,10071163,10071153,10071144,10071134,10071125,10071115,10071106,10071096,10071086,10071077,10071067,10071058,10071048,10071039,10071029,10071020,10071010,10071000,
1,1,1,1,1,2,2,1,1,1,1,2,2,2,1,1,1,1,1,2,1,1,1,1,2,2,1,1,1,1,2,2,5,1,1,1,1,2,2,1,1,1,2,2,2,2,2,1,1,1,1,2,1,1,2,1,1,1,2,1,2,1,1,2,2,1,1,1,1,1,2,2,1,1,1,1,2,2,2,3,2,1,2,1,2,1,1,1,1,1,2,1,1,1,1,2,2,2,1,2,
788,532,247,216,248,604,800,700,336,218,229,402,784,783,517,247,216,248,620,800,688,321,217,232,419,786,778,502,246,216,248,634,802,676,307,217,235,437,788,773,485,243,216,251,654,800,661,289,217,238,454,791,769,470,239,216,258,670,800,649,269,216,240,471,793,763,455,236,217,269,685,799,635,256,216,244,488,796,756,439,232,218,284,700,799,620,251,216,246,505,797,749,423,228,218,302,715,798,605,240,
10171946,10171937,10171927,10171918,10171908,10171899,10171889,10171880,10171870,10171860,10171851,10171841,10171832,10171822,10171813,10171803,10171794,10171784,10171774,10171765,10171755,10171746,10171736,10171727,10171717,10171708,10171698,10171688,10171679,10171669,10171660,10171650,10171641,10171631,10171622,10171612,10171602,10171593,10171583,10171574,10171564,10171555,10171545,10171536,10171526,10171516,10171507,10171497,10171488,10171478,10171469,10171459,10171450,10171440,10171431,10171421,10171411,10171402,10171392,10171383,10171373,10171364,10171354,10171345,10171335,10171325,10171316,10171306,10171297,10171287,10171278,10171268,10171259,10171249,10171239,10171230,10171220,10171211,10171201,10171192,10171182,10171173,10171163,10171153,10171144,10171134,10171125,10171115,10171106,10171096,10171087,10171077,10171067,10171058,10171048,10171039,10171029,10171020,10171010,10171000,
1,2,2,1,1,1,1,1,2,2,1,1,1,2,2,1,2,1,1,1,2,1,2,1,1,2,1,1,2,1,2,1,1,1,2,2,1,1,1,1,2,2,2,1,1,1,1,2,2,1,1,1,1,2,2,1,1,1,1,1,1,2,2,1,1,1,1,1,1,1,1,1,1,2,2,1,1,1,1,1,2,1,1,1,1,2,2,1,1,1,1,1,2,2,1,1,1,1,2,2,
231,415,785,779,505,246,216,248,630,800,679,310,217,234,432,788,774,490,244,216,249,649,802,665,296,217,237,450,790,770,474,240,216,256,665,800,652,272,216,240,468,793,764,458,237,217,267,683,800,637,260,216,243,484,795,757,442,232,218,283,698,799,622,252,216,246,503,798,750,425,228,218,300,714,798,606,248,216,247,521,799,743,410,225,220,316,728,798,593,248,216,247,537,800,737,395,223,221,333,743,
10271946,10271937,10271927,10271918,10271908,10271899,10271889,10271880,10271870,10271860,10271851,10271841,10271832,10271822,10271813,10271803,10271794,10271784,10271774,10271765,10271755,10271746,10271736,10271727,10271717,10271708,10271698,10271689,10271679,10271669,10271660,10271650,10271641,10271631,10271622,10271612,10271603,10271593,10271583,10271574,10271564,10271555,10271545,10271536,10271526,10271517,10271507,10271497,10271488,10271478,10271469,10271459,10271450,10271440,10271431,10271421,10271411,10271402,10271392,10271383,10271373,10271364,10271354,10271345,10271335,10271325,10271316,10271306,10271297,10271287,10271278,10271268,10271259,10271249,10271240,10271230,10271220,10271211,10271201,10271192,10271182,10271173,10271163,10271154,10271144,10271134,10271125,10271115,10271106,10271096,10271087,10271077,10271068,10271058,10271048,10271039,10271029,10271020,10271010,10271000,
1,1,1,1,2,1,1,1,1,1,1,2,2,1,1,1,1,2,2,2,1,1,1,1,2,2,2,1,1,1,2,2,1,1,1,1,1,2,2,1,1,1,1,4,2,2,1,1,1,1,2,0,2,1,1,1,1,2,1,1,1,1,1,2,2,1,1,1,1,2,2,1,1,1,1,1,2,3,1,1,1,0,2,1,1,1,1,1,2,2,2,0,2,1,2,2,2,1,1,2,
733,388,222,222,341,751,796,572,247,216,248,560,800,724,373,220,224,359,779,794,555,248,216,248,580,800,715,357,219,226,377,782,790,539,247,218,248,597,800,705,343,218,228,391,783,786,525,248,216,249,615,798,694,328,217,231,412,785,780,508,246,216,248,627,800,682,313,217,233,429,788,774,492,244,216,249,645,800,668,298,217,236,446,790,770,477,241,216,254,664,800,655,274,217,239,464,793,765,460,237,
11695645,11695635,11695626,11695616,11695607,11695597,11695587,11695578,11695568,11695559,11695549,11695540,11695530,11695521,11695511,11695501,11695492,11695482,11695473,11695463,11695454,11695444,11695435,11695425,11695415,11695406,11695396,11695387,11695377,11695368,11695358,11695349,11695339,11695329,11695320,11695310,11695301,11695291,11695282,11695272,11695263,11695253,11695243,11695234,11695224,11695215,11695205,11695196,11695186,11695177,11695167,11695158,11695148,11695138,11695129,11695119,11695110,11695100,11695091,11695081,11695072,11695062,11695052,11695043,11695033,11695024,11695014,11695005,11694995,11694986,11694976,11694966,11694957,11694947,11694938,11694928,11694919,11694909,11694900,11694890,11694880,11694871,11694861,11694852,11694842,11694833,11694823,11694814,11694804,11694794,11694785,11694775,11694766,11694756,11694747,11694737,11694728,11694718,11694708,11694699,
2,1,1,2,1,2,2,2,1,1,1,1,2,2,1,1,1,1,1,2,2,1,1,1,1,2,1,1,1,1,1,2,1,2,1,1,1,1,2,2,1,1,1,1,1,2,2,1,1,1,1,2,2,1,1,1,1,2,2,1,1,1,2,1,2,2,1,1,1,1,1,2,2,1,1,1,1,2,2,2,1,1,1,2,2,2,1,1,1,1,2,2,0,1,1,1,2,2,2,1,
783,789,531,247,216,248,606,800,699,334,218,229,405,784,783,514,247,216,248,622,800,686,318,217,232,422,786,777,498,245,216,248,638,800,673,304,217,235,440,789,772,483,242,216,251,656,800,659,282,216,239,459,792,767,465,238,216,262,677,799,643,264,216,242,480,794,759,446,233,217,277,693,799,628,254,216,245,497,797,753,431,229,218,294,708,798,612,249,216,246,516,799,746,414,226,219,312,724,798,597,
11795081,11795071,11795062,11795052,11795043,11795033,11795023,11795014,11795004,11794995,11794985,11794976,11794966,11794956,11794947,11794937,11794928,11794918,11794909,11794899,11794890,11794880,11794870,11794861,11794851,11794842,11794832,11794823,11794813,11794804,11794794,11794785,11794775,11794765,11794756,11794746,11794737,11794727,11794718,11794708,11794699,11794689,11794679,11794670,11794660,11794651,11794641,11794632,11794622,11794613,11794603,11794593,11794584,11794574,11794565,11794555,11794546,11794536,11794527,11794517,11794507,11794498,11794488,11794479,11794469,11794460,11794450,11794441,11794431,11794421,11794412,11794402,11794393,11794383,11794374,11794364,11794355,11794345,11794336,11794326,11794316,11794307,11794297,11794288,11794278,11794269,11794259,11794250,11794240,11794230,11794221,11794211,11794202,11794192,11794183,11794173,11794164,11794154,11794144,11794135,
1,1,1,2,2,1,1,1,1,2,1,2,1,1,1,1,2,2,1,2,1,1,1,1,1,3,1,1,1,2,2,1,1,1,1,3,1,2,1,2,0,1,2,2,2,2,1,1,2,2,0,1,1,1,1,2,2,1,1,1,3,2,1,1,2,1,1,1,2,2,1,1,1,1,2,2,1,1,1,1,1,1,2,1,1,1,1,2,1,2,1,1,1,1,2,2,1,1,1,1,
313,218,232,429,788,775,493,245,216,249,648,800,666,296,217,237,449,790,769,474,240,216,256,666,800,653,273,217,240,466,793,764,458,237,217,268,683,799,637,260,217,243,485,795,757,442,232,218,282,698,799,623,252,216,245,502,797,750,426,229,218,299,713,798,607,248,216,247,522,799,743,408,225,220,319,731,797,590,247,216,247,541,799,735,392,222,221,337,747,796,575,248,216,248,557,800,727,376,221,222,
11895083,11895073,11895064,11895054,11895045,11895035,11895025,11895016,11895006,11894997,11894987,11894978,11894968,11894959,11894949,11894939,11894930,11894920,11894911,11894901,11894892,11894882,11894873,11894863,11894853,11894844,11894834,11894825,11894815,11894806,11894796,11894787,11894777,11894767,11894758,11894748,11894739,11894729,11894720,11894710,11894701,11894691,11894682,11894672,11894662,11894653,11894643,11894634,11894624,11894615,11894605,11894596,11894586,11894576,11894567,11894557,11894548,11894538,11894529,11894519,11894510,11894500,11894490,11894481,11894471,11894462,11894452,11894443,11894433,11894424,11894414,11894404,11894395,11894385,11894376,11894366,11894357,11894347,11894338,11894328,11894318,11894309,11894299,11894290,11894280,11894271,11894261,11894252,11894242,11894233,11894223,11894213,11894204,11894194,11894185,11894175,11894166,11894156,11894147,11894137,
1,2,2,1,1,1,1,2,2,2,1,1,1,1,2,2,1,1,1,1,2,2,2,1,1,1,1,2,2,1,1,1,1,1,2,2,1,1,1,1,2,2,1,1,1,1,1,2,2,1,1,1,2,2,2,2,1,1,1,1,1,1,1,1,1,1,2,2,1,1,1,1,2,2,2,1,1,1,1,2,2,1,1,1,1,2,2,0,1,1,1,1,1,2,1,1,1,2,2,2,
247,523,799,743,408,225,220,319,731,798,592,247,216,247,538,800,736,394,223,221,334,745,796,577,248,216,248,556,800,727,378,221,223,353,775,795,560,248,216,248,574,800,718,362,219,225,370,781,792,545,248,216,248,590,800,709,348,219,227,387,782,788,531,248,216,249,605,800,699,334,218,229,404,785,783,516,247,216,248,621,801,687,319,217,232,422,787,777,499,245,216,248,637,800,674,305,217,235,439,789,
11995083,11995073,11995064,11995054,11995045,11995035,11995026,11995016,11995006,11994997,11994987,11994978,11994968,11994959,11994949,11994940,11994930,11994920,11994911,11994901,11994892,11994882,11994873,11994863,11994854,11994844,11994835,11994825,11994815,11994806,11994796,11994787,11994777,11994768,11994758,11994749,11994739,11994729,11994720,11994710,11994701,11994691,11994682,11994672,11994663,11994653,11994643,11994634,11994624,11994615,11994605,11994596,11994586,11994577,11994567,11994557,11994548,11994538,11994529,11994519,11994510,11994500,11994491,11994481,11994471,11994462,11994452,11994443,11994433,11994424,11994414,11994405,11994395,11994386,11994376,11994366,11994357,11994347,11994338,11994328,11994319,11994309,11994300,11994290,11994280,11994271,11994261,11994252,11994242,11994233,11994223,11994214,11994204,11994194,11994185,11994175,11994166,11994156,11994147,11994137,
1,1,1,1,1,2,0,1,1,1,2,2,2,1,1,1,1,1,2,4,1,1,1,1,2,2,1,1,1,1,2,2,1,1,1,1,2,2,2,1,1,1,2,1,2,1,1,1,1,1,2,1,1,1,1,1,2,2,1,1,1,1,2,2,1,1,1,1,2,2,1,1,1,1,1,2,2,1,1,1,1,2,2,2,2,1,1,1,1,1,1,1,1,1,1,1,2,1,1,1,
556,247,216,248,578,800,716,359,220,225,374,781,791,542,248,216,248,594,800,706,345,218,227,392,783,786,526,247,216,248,613,800,696,330,218,230,409,785,781,510,247,216,248,625,800,683,314,217,233,427,787,776,494,244,216,249,644,800,669,300,217,236,446,790,770,477,241,216,253,662,800,655,276,216,239,462,792,766,463,238,216,263,678,799,642,266,216,242,479,794,760,449,234,217,276,691,799,628,255,216,
12095083,12095073,12095064,12095054,12095045,12095035,12095026,12095016,12095006,12094997,12094987,12094978,12094968,12094959,12094949,12094940,12094930,12094920,12094911,12094901,12094892,12094882,12094873,12094863,12094854,12094844,12094835,12094825,12094815,12094806,12094796,12094787,12094777,12094768,12094758,12094749,12094739,12094729,12094720,12094710,12094701,12094691,12094682,12094672,12094663,12094653,12094643,12094634,12094624,12094615,12094605,12094596,12094586,12094577,12094567,12094557,12094548,12094538,12094529,12094519,12094510,12094500,12094491,12094481,12094471,12094462,12094452,12094443,12094433,12094424,12094414,12094405,12094395,12094386,12094376,12094366,12094357,12094347,12094338,12094328,12094319,12094309,12094300,12094290,12094280,12094271,12094261,12094252,12094242,12094233,12094223,12094214,12094204,12094194,12094185,12094175,12094166,12094156,12094147,12094137,
1,1,2,1,1,1,1,1,2,2,1,2,1,2,2,2,1,1,1,1,1,2,2,1,1,1,1,1,2,1,1,1,1,1,2,2,1,1,1,1,2,2,1,1,1,1,1,2,1,1,1,1,1,1,4,1,1,1,1,2,2,2,1,1,1,1,2,2,1,1,1,1,2,2,2,1,1,1,1,2,1,1,1,1,1,2,2,2,1,1,1,1,2,2,1,1,1,1,1,2,
228,396,784,785,522,247,216,249,617,800,692,324,218,231,416,786,779,505,246,216,248,631,800,678,309,217,234,434,788,774,488,243,216,249,650,800,665,295,217,237,450,790,769,473,241,216,256,667,800,652,271,216,240,468,793,764,458,237,217,268,684,799,637,258,216,243,486,795,757,442,232,218,284,699,799,621,252,216,245,504,798,749,424,228,219,302,715,798,606,248,216,247,522,799,742,408,225,219,320,732,
12195083,12195073,12195064,12195054,12195045,12195035,12195025,12195016,12195006,12194997,12194987,12194978,12194968,12194959,12194949,12194940,12194930,12194920,12194911,12194901,12194892,12194882,12194873,12194863,12194854,12194844,12194834,12194825,12194815,12194806,12194796,12194787,12194777,12194768,12194758,12194748,12194739,12194729,12194720,12194710,12194701,12194691,12194682,12194672,12194662,12194653,12194643,12194634,12194624,12194615,12194605,12194596,12194586,12194576,12194567,12194557,12194548,12194538,12194529,12194519,12194510,12194500,12194490,12194481,12194471,12194462,12194452,12194443,12194433,12194424,12194414,12194405,12194395,12194385,12194376,12194366,12194357,12194347,12194338,12194328,12194319,12194309,12194299,12194290,12194280,12194271,12194261,12194252,12194242,12194233,12194223,12194213,12194204,12194194,12194185,12194175,12194166,12194156,12194147,12194137,
2,2,1,1,1,1,2,2,1,1,1,1,1,1,2,1,1,1,1,2,2,1,1,1,1,2,1,2,1,1,1,1,2,2,1,2,1,1,2,4,2,2,4,1,1,4,2,1,1,1,1,1,2,2,1,2,1,1,2,2,1,1,1,1,2,2,2,1,1,1,1,2,2,1,1,1,1,1,1,2,1,1,1,1,1,2,1,1,1,1,2,2,2,1,1,1,1,2,2,1,
612,800,696,330,218,230,409,785,781,510,246,216,248,624,800,683,314,217,233,428,787,775,492,244,216,249,648,800,667,296,217,237,450,790,769,473,238,216,256,664,800,652,271,216,240,468,793,764,458,236,217,268,683,799,637,258,216,244,487,795,757,440,232,217,285,700,799,621,251,216,246,505,798,749,423,228,219,303,716,798,604,247,216,247,525,800,742,406,225,220,321,733,798,588,247,215,248,542,801,734,
12295083,12295073,12295064,12295054,12295045,12295035,12295025,12295016,12295006,12294997,12294987,12294978,12294968,12294959,12294949,12294939,12294930,12294920,12294911,12294901,12294892,12294882,12294873,12294863,12294853,12294844,12294834,12294825,12294815,12294806,12294796,12294787,12294777,12294767,12294758,12294748,12294739,12294729,12294720,12294710,12294701,12294691,12294681,12294672,12294662,12294653,12294643,12294634,12294624,12294615,12294605,12294596,12294586,12294576,12294567,12294557,12294548,12294538,12294529,12294519,12294510,12294500,12294490,12294481,12294471,12294462,12294452,12294443,12294433,12294424,12294414,12294404,12294395,12294385,12294376,12294366,12294357,12294347,12294338,12294328,12294318,12294309,12294299,12294290,12294280,12294271,12294261,12294252,12294242,12294232,12294223,12294213,12294204,12294194,12294185,12294175,12294166,12294156,12294146,12294137,
2,2,2,1,1,1,1,1,2,1,1,1,1,1,1,1,1,1,1,1,2,2,1,1,1,1,2,2,2,1,1,1,1,2,1,1,1,1,1,1,2,2,2,1,1,2,2,2,1,1,1,1,2,2,2,1,1,1,1,2,2,1,1,1,1,1,1,2,1,1,0,2,2,2,1,1,1,1,2,1,2,2,1,1,1,1,2,1,1,1,1,2,2,2,1,1,1,2,1,2,
248,625,800,684,315,217,233,427,788,776,494,245,216,249,645,800,667,296,217,237,449,789,769,474,240,216,256,668,800,651,270,216,240,470,793,763,456,235,217,270,686,799,635,256,216,244,489,796,755,437,231,218,288,703,798,617,250,216,246,510,799,747,418,227,219,308,721,798,600,247,216,247,530,800,740,401,224,221,327,739,797,582,247,216,249,550,800,730,382,221,222,348,763,796,565,248,216,248,570,800,
12395082,12395073,12395063,12395054,12395044,12395035,12395025,12395016,12395006,12394997,12394987,12394977,12394968,12394958,12394949,12394939,12394930,12394920,12394911,12394901,12394891,12394882,12394872,12394863,12394853,12394844,12394834,12394825,12394815,12394805,12394796,12394786,12394777,12394767,12394758,12394748,12394739,12394729,12394719,12394710,12394700,12394691,12394681,12394672,12394662,12394653,12394643,12394633,12394624,12394614,12394605,12394595,12394586,12394576,12394567,12394557,12394548,12394538,12394528,12394519,12394509,12394500,12394490,12394481,12394471,12394462,12394452,12394442,12394433,12394423,12394414,12394404,12394395,12394385,12394376,12394366,12394356,12394347,12394337,12394328,12394318,12394309,12394299,12394290,12394280,12394270,12394261,12394251,12394242,12394232,12394223,12394213,12394204,12394194,12394184,12394175,12394165,12394156,12394146,12394136,
1,1,1,2,2,2,1,1,0,1,1,2,1,1,1,1,2,1,2,1,1,1,1,2,2,4,1,1,1,2,2,1,1,1,1,1,1,2,1,1,1,1,2,2,1,1,1,1,1,1,2,2,1,1,1,2,2,2,1,1,1,1,2,2,1,1,1,1,2,2,1,4,1,1,1,2,2,1,1,1,2,2,2,1,1,1,1,2,2,2,1,1,1,1,1,1,1,1,1,1,
417,226,219,309,722,798,599,248,216,247,531,800,739,402,224,221,328,740,797,582,247,216,247,551,800,729,381,221,223,350,774,795,562,248,216,248,573,800,718,362,220,225,375,781,791,542,248,216,248,595,800,706,344,218,228,394,783,786,524,248,216,249,616,800,693,326,217,231,415,785,779,505,246,216,248,633,800,677,308,217,235,437,788,773,485,242,216,251,657,800,660,284,216,238,458,792,767,466,238,216,
12495083,12495073,12495064,12495054,12495045,12495035,12495025,12495016,12495006,12494997,12494987,12494978,12494968,12494959,12494949,12494939,12494930,12494920,12494911,12494901,12494892,12494882,12494873,12494863,12494853,12494844,12494834,12494825,12494815,12494806,12494796,12494787,12494777,12494767,12494758,12494748,12494739,12494729,12494720,12494710,12494701,12494691,12494682,12494672,12494662,12494653,12494643,12494634,12494624,12494615,12494605,12494596,12494586,12494576,12494567,12494557,12494548,12494538,12494529,12494519,12494510,12494500,12494490,12494481,12494471,12494462,12494452,12494443,12494433,12494424,12494414,12494404,12494395,12494385,12494376,12494366,12494357,12494347,12494338,12494328,12494318,12494309,12494299,12494290,12494280,12494271,12494261,12494252,12494242,12494232,12494223,12494213,12494204,12494194,12494185,12494175,12494166,12494156,12494147,12494137,
1,1,2,2,1,1,1,1,2,2,1,1,1,1,2,2,2,1,1,1,1,1,2,1,1,1,1,1,2,2,1,1,1,1,2,2,1,1,1,1,2,2,1,1,2,1,1,2,2,2,1,1,1,1,2,1,2,1,1,2,2,2,1,1,1,1,1,2,1,1,1,1,2,2,2,1,1,1,1,2,2,1,0,1,1,2,2,1,1,1,1,1,2,2,1,1,1,1,2,1,
227,385,782,789,532,247,216,249,606,800,699,334,218,230,406,785,782,513,247,216,248,624,800,684,315,217,233,427,787,776,493,244,216,249,646,800,668,297,217,237,449,790,770,473,240,216,256,668,800,650,269,216,241,471,793,763,454,235,217,272,688,799,633,256,216,244,492,796,754,434,230,218,290,706,799,614,249,216,247,514,798,747,414,226,220,311,725,798,597,247,216,247,533,800,738,397,223,221,332,743,
12595083,12595073,12595063,12595054,12595044,12595035,12595025,12595016,12595006,12594997,12594987,12594977,12594968,12594958,12594949,12594939,12594930,12594920,12594911,12594901,12594891,12594882,12594872,12594863,12594853,12594844,12594834,12594825,12594815,12594805,12594796,12594786,12594777,12594767,12594758,12594748,12594739,12594729,12594719,12594710,12594700,12594691,12594681,12594672,12594662,12594653,12594643,12594634,12594624,12594614,12594605,12594595,12594586,12594576,12594567,12594557,12594548,12594538,12594528,12594519,12594509,12594500,12594490,12594481,12594471,12594462,12594452,12594442,12594433,12594423,12594414,12594404,12594395,12594385,12594376,12594366,12594356,12594347,12594337,12594328,12594318,12594309,12594299,12594290,12594280,12594270,12594261,12594251,12594242,12594232,12594223,12594213,12594204,12594194,12594185,12594175,12594165,12594156,12594146,12594136,
2,2,1,1,1,1,1,1,1,1,1,1,1,1,2,1,2,1,1,2,2,2,1,1,1,1,2,2,1,2,1,1,1,1,2,1,1,1,1,2,2,2,1,1,1,2,2,2,1,1,1,3,2,2,1,1,0,2,2,2,2,2,1,1,1,2,2,2,1,1,1,2,2,2,1,1,1,1,1,2,1,1,1,1,2,1,1,1,1,1,2,1,2,1,1,1,1,2,2,2,
486,795,757,440,232,218,286,701,799,619,250,216,246,508,799,748,420,227,219,306,720,798,601,247,217,247,530,800,740,401,224,221,328,740,797,582,248,216,248,551,800,730,381,221,223,350,770,796,562,247,216,248,573,800,718,362,219,225,372,781,792,542,248,216,248,594,799,706,344,218,228,392,783,786,524,247,216,248,616,800,693,325,217,231,415,786,779,505,246,216,248,633,800,677,307,217,234,437,789,772,
12815968,12815958,12815948,12815939,12815929,12815920,12815910,12815901,12815891,12815882,12815872,12815862,12815853,12815843,12815834,12815824,12815815,12815805,12815796,12815786,12815776,12815767,12815757,12815748,12815738,12815729,12815719,12815710,12815700,12815691,12815681,12815671,12815662,12815652,12815643,12815633,12815624,12815614,12815605,12815595,12815585,12815576,12815566,12815557,12815547,12815538,12815528,12815519,12815509,12815499,12815490,12815480,12815471,12815461,12815452,12815442,12815433,12815423,12815413,12815404,12815394,12815385,12815375,12815366,12815356,12815347,12815337,12815327,12815318,12815308,12815299,12815289,12815280,12815270,12815261,12815251,12815242,12815232,12815222,12815213,12815203,12815194,12815184,12815175,12815165,12815156,12815146,12815136,12815127,12815117,12815108,12815098,12815089,12815079,12815070,12815060,12815050,12815041,12815031,12815021,
1,2,1,1,1,1,1,1,2,1,1,1,1,1,1,1,1,1,1,1,1,1,2,1,1,1,1,1,1,1,1,1,1,1,1,1,1,1,1,1,1,1,1,1,1,1,1,1,1,1,1,1,1,1,1,1,1,1,1,1,1,3,1,1,1,1,1,1,1,1,1,1,2,1,1,1,1,1,1,1,2,1,1,0,0,1,1,1,1,1,1,1,2,1,1,1,0,1,1,1,
240,469,793,763,455,235,217,270,686,799,633,256,216,244,490,796,754,436,230,218,289,704,799,617,249,216,246,510,798,747,418,226,219,308,721,797,598,247,216,247,531,800,738,399,223,221,328,740,797,581,247,216,247,550,800,729,381,221,223,348,766,795,562,247,216,248,572,800,718,362,219,225,372,781,792,543,247,216,248,593,800,706,343,218,226,392,783,787,526,247,216,248,613,800,695,328,217,230,411,785,
