4693528,4693514,4693499,4693485,4693471,4693457,4693442,4693428,4693414,4693400,4693385,4693371,4693357,4693343,4693328,4693314,4693300,4693286,4693271,4693257,4693243,4693229,4693214,4693200,4693186,4693172,4693157,4693143,4693129,4693115,4693100,4693086,4693072,4693058,4693043,4693029,4693015,4693001,4692986,4692972,4692958,4692944,4692929,4692915,4692901,4692887,4692873,4692858,4692844,4692830,4692816,4692801,4692787,4692773,4692759,4692744,4692730,4692716,4692702,4692687,4692673,4692659,4692645,4692630,4692616,4692602,4692588,4692573,4692559,4692545,4692531,4692516,4692502,4692488,4692474,4692459,4692445,4692431,4692417,4692402,4692388,4692374,4692360,4692345,4692331,4692317,4692303,4692288,4692274,4692260,4692246,4692231,4692217,4692203,4692189,4692174,4692160,4692146,4692132,4692117,
0,1,1,1,1,1,1,1,1,1,1,1,2,0,1,1,1,1,1,0,1,1,0,0,2,1,1,0,1,1,1,0,0,2,1,1,1,1,2,0,1,1,1,1,1,0,1,1,0,1,1,2,1,0,1,1,1,1,1,1,1,1,1,1,1,1,0,1,1,1,1,1,1,1,1,1,1,1,1,1,1,1,1,1,0,2,1,1,0,1,2,0,0,1,1,1,1,1,1,1,
488,215,246,788,676,242,231,636,777,310,214,422,799,503,215,246,785,688,244,229,620,782,324,215,406,799,518,216,247,784,699,245,226,608,788,338,214,390,799,533,217,246,782,708,245,224,590,792,352,214,373,799,547,217,246,780,717,245,222,574,794,366,214,357,799,561,218,246,777,725,245,221,558,795,380,214,340,799,576,220,245,748,733,246,218,542,796,395,214,324,798,590,222,245,732,741,245,218,526,797,
450,392,398,459,468,398,392,430,470,422,390,401,473,451,391,397,456,467,398,392,426,470,424,389,401,473,453,391,396,453,467,400,391,422,469,424,387,398,471,452,388,393,448,465,398,387,416,466,423,383,394,466,449,383,386,440,458,392,379,405,457,415,372,382,455,437,369,371,421,441,375,359,382,434,393,346,353,421,405,331,330,376,394,326,304,320,370,325,270,271,330,311,229,219,255,266,183,147,150,189,
4703584,4703570,4703556,4703542,4703527,4703513,4703499,4703485,4703470,4703456,4703442,4703428,4703413,4703399,4703385,4703371,4703356,4703342,4703328,4703314,4703299,4703285,4703271,4703257,4703242,4703228,4703214,4703200,4703185,4703171,4703157,4703143,4703128,4703114,4703100,4703086,4703071,4703057,4703043,4703029,4703014,4703000,4702986,4702972,4702957,4702943,4702929,4702915,4702900,4702886,4702872,4702858,4702844,4702829,4702815,4702801,4702787,4702772,4702758,4702744,4702730,4702715,4702701,4702687,4702673,4702658,4702644,4702630,4702616,4702601,4702587,4702573,4702559,4702544,4702530,4702516,4702502,4702487,4702473,4702459,4702445,4702430,4702416,4702402,4702388,4702373,4702359,4702345,4702331,4702316,4702302,4702288,4702274,4702259,4702245,4702231,4702217,4702202,4702188,4702174,
1,1,1,1,1,1,1,0,0,1,2,1,0,0,1,1,1,0,2,1,1,1,2,2,1,1,0,1,1,0,1,2,2,0,0,1,1,3,1,1,1,1,1,1,1,1,1,0,1,2,1,1,1,1,1,0,0,2,0,0,0,1,2,1,0,0,1,1,0,0,1,1,0,1,1,1,0,1,0,3,1,1,1,1,2,1,0,1,1,0,1,1,1,1,1,1,2,1,1,0,
246,749,733,245,219,544,797,394,214,325,799,589,222,245,733,741,246,218,528,797,409,214,309,798,604,224,245,717,746,246,217,510,797,423,214,293,797,617,227,243,704,753,251,215,493,798,438,214,277,795,632,231,241,690,759,260,215,477,798,453,215,263,793,645,235,238,675,766,269,214,461,798,469,215,253,791,659,238,236,659,770,292,214,444,798,483,215,247,789,671,242,232,642,775,306,214,429,799,497,215,
396,445,470,408,392,415,473,436,390,400,470,462,391,395,443,469,409,392,412,473,438,390,401,469,463,391,394,441,470,411,390,410,473,440,390,400,467,464,391,394,438,469,413,391,408,473,443,390,400,466,465,393,394,436,469,414,390,405,473,444,390,398,464,465,393,393,433,470,417,390,404,473,446,391,398,461,466,394,393,431,469,418,390,402,472,448,390,397,458,465,395,391,427,468,418,387,398,470,447,388,
4803411,4803397,4803383,4803368,4803354,4803340,4803326,4803311,4803297,4803283,4803269,4803254,4803240,4803226,4803212,4803197,4803183,4803169,4803155,4803140,4803126,4803112,4803098,4803083,4803069,4803055,4803041,4803026,4803012,4802998,4802984,4802969,4802955,4802941,4802927,4802912,4802898,4802884,4802870,4802855,4802841,4802827,4802813,4802798,4802784,4802770,4802756,4802741,4802727,4802713,4802699,4802684,4802670,4802656,4802642,4802627,4802613,4802599,4802585,4802570,4802556,4802542,4802528,4802513,4802499,4802485,4802471,4802456,4802442,4802428,4802414,4802400,4802385,4802371,4802357,4802343,4802328,4802314,4802300,4802286,4802271,4802257,4802243,4802229,4802214,4802200,4802186,4802172,4802157,4802143,4802129,4802115,4802100,4802086,4802072,4802058,4802043,4802029,4802015,4802000,
1,1,1,1,1,2,1,0,1,1,1,0,0,1,1,1,1,1,1,1,0,1,1,1,1,1,1,1,1,0,1,2,0,0,1,1,1,1,1,2,1,0,1,1,4,1,0,0,1,1,1,1,1,1,0,0,1,2,1,0,1,1,1,0,0,1,1,0,0,1,1,0,1,0,0,1,0,1,2,2,1,1,1,2,1,1,1,1,1,1,1,1,1,0,1,1,1,1,0,1,
564,795,376,214,345,799,572,219,246,752,732,245,219,547,796,391,214,329,798,585,221,246,737,739,246,218,530,797,405,214,313,798,601,224,245,721,746,246,217,514,798,420,214,296,798,615,227,244,706,752,250,216,497,798,436,215,280,796,629,231,238,692,759,256,215,480,798,451,214,265,793,643,235,238,677,765,267,214,464,799,466,215,254,793,656,238,236,662,769,288,214,448,798,480,215,248,789,668,241,233,
418,472,433,390,401,474,460,392,395,446,470,407,392,416,473,435,390,401,470,461,391,395,444,469,408,391,412,472,437,389,400,468,461,390,393,440,468,409,389,408,471,437,388,398,464,460,388,390,435,465,407,386,403,467,436,383,392,457,456,382,383,425,457,401,376,390,457,426,371,377,442,441,367,365,404,437,380,352,362,429,398,338,342,401,401,323,316,349,380,322,285,289,350,316,248,242,292,285,200,179,
4903411,4903397,4903382,4903368,4903354,4903340,4903325,4903311,4903297,4903283,4903268,4903254,4903240,4903226,4903211,4903197,4903183,4903169,4903155,4903140,4903126,4903112,4903098,4903083,4903069,4903055,4903041,4903026,4903012,4902998,4902984,4902969,4902955,4902941,4902927,4902912,4902898,4902884,4902870,4902855,4902841,4902827,4902813,4902798,4902784,4902770,4902756,4902741,4902727,4902713,4902699,4902684,4902670,4902656,4902642,4902627,4902613,4902599,4902585,4902570,4902556,4902542,4902528,4902513,4902499,4902485,4902471,4902456,4902442,4902428,4902414,4902399,4902385,4902371,4902357,4902342,4902328,4902314,4902300,4902285,4902271,4902257,4902243,4902228,4902214,4902200,4902186,4902171,4902157,4902143,4902129,4902115,4902100,4902086,4902072,4902058,4902043,4902029,4902015,4902000,
1,1,1,1,1,1,0,1,1,1,0,1,1,1,0,1,1,1,1,0,1,3,1,1,1,1,1,0,1,1,1,1,1,1,1,1,0,1,2,0,0,1,2,1,1,0,2,1,0,0,1,1,1,1,1,2,1,1,1,1,1,1,0,1,1,1,1,2,1,1,0,0,2,2,1,0,1,1,1,0,0,1,1,0,0,2,2,0,1,1,1,1,1,1,1,0,0,0,1,2,
664,240,234,652,772,298,214,437,799,492,215,246,787,677,243,231,634,777,312,214,420,799,505,215,246,785,689,245,228,618,783,326,214,404,799,520,216,246,785,700,245,226,605,788,340,214,387,799,534,217,246,782,709,246,224,588,792,354,214,371,799,549,218,246,780,719,246,222,572,794,368,214,354,799,563,219,246,773,729,246,220,556,796,383,214,338,799,578,220,246,744,735,245,219,540,797,397,214,321,798,
467,397,394,431,471,421,391,402,474,450,392,398,459,468,398,393,429,471,423,390,402,474,452,392,397,456,468,399,393,426,471,424,390,401,473,453,390,396,453,467,400,391,421,469,424,387,398,471,452,388,392,448,465,397,387,416,465,422,381,393,465,448,381,385,437,456,390,377,402,454,412,368,378,450,433,363,365,414,434,367,350,371,423,381,333,339,405,389,314,310,354,372,302,277,290,338,291,233,230,285,
5003411,5003397,5003383,5003368,5003354,5003340,5003326,5003311,5003297,5003283,5003269,5003254,5003240,5003226,5003212,5003197,5003183,5003169,5003155,5003140,5003126,5003112,5003098,5003083,5003069,5003055,5003041,5003026,5003012,5002998,5002984,5002969,5002955,5002941,5002927,5002912,5002898,5002884,5002870,5002855,5002841,5002827,5002813,5002799,5002784,5002770,5002756,5002742,5002727,5002713,5002699,5002685,5002670,5002656,5002642,5002628,5002613,5002599,5002585,5002571,5002556,5002542,5002528,5002514,5002499,5002485,5002471,5002457,5002442,5002428,5002414,5002400,5002385,5002371,5002357,5002343,5002328,5002314,5002300,5002286,5002271,5002257,5002243,5002229,5002214,5002200,5002186,5002172,5002157,5002143,5002129,5002115,5002100,5002086,5002072,5002058,5002043,5002029,5002015,5002000,
0,2,1,1,1,1,1,1,0,0,1,1,1,1,2,2,1,1,1,1,1,0,1,1,1,1,0,0,1,1,1,1,1,1,1,0,1,1,1,1,1,2,1,0,1,1,1,1,0,1,1,0,1,2,1,1,1,1,1,1,1,1,1,1,1,1,1,2,0,1,1,1,1,0,0,2,1,0,0,1,2,1,1,1,1,1,0,0,1,2,3,1,1,2,1,0,0,1,1,1,
214,389,799,533,216,246,782,709,245,224,590,792,353,214,372,799,548,217,246,780,718,246,222,573,794,367,214,356,799,562,219,246,775,726,246,220,557,795,381,214,339,799,577,220,246,746,734,245,219,541,797,396,214,322,798,591,222,245,730,741,246,218,525,797,410,214,307,798,605,225,244,716,747,247,217,509,798,424,214,292,798,618,228,243,703,753,251,216,493,798,439,214,276,795,632,231,241,689,760,258,
390,402,474,456,392,397,453,469,403,393,422,472,429,390,401,474,458,392,396,450,469,404,392,419,472,431,389,400,474,458,391,395,447,469,405,391,415,471,432,388,399,470,458,389,393,443,467,404,388,411,468,432,385,395,464,456,385,388,435,461,400,381,401,461,423,376,386,453,446,373,374,419,446,386,364,380,442,406,353,361,424,417,341,340,380,406,344,317,328,387,349,289,290,347,337,253,244,274,294,225,
5103411,5103397,5103382,5103368,5103354,5103340,5103325,5103311,5103297,5103283,5103268,5103254,5103240,5103226,5103211,5103197,5103183,5103169,5103154,5103140,5103126,5103112,5103097,5103083,5103069,5103055,5103040,5103026,5103012,5102998,5102983,5102969,5102955,5102941,5102927,5102912,5102898,5102884,5102870,5102855,5102841,5102827,5102813,5102798,5102784,5102770,5102756,5102741,5102727,5102713,5102699,5102684,5102670,5102656,5102642,5102627,5102613,5102599,5102585,5102570,5102556,5102542,5102528,5102513,5102499,5102485,5102471,5102456,5102442,5102428,5102414,5102399,5102385,5102371,5102357,5102342,5102328,5102314,5102300,5102285,5102271,5102257,5102243,5102228,5102214,5102200,5102186,5102171,5102157,5102143,5102129,5102114,5102100,5102086,5102072,5102057,5102043,5102029,5102015,5102000,
2,1,0,1,2,1,0,0,1,1,1,0,0,1,1,1,1,1,1,1,1,1,1,1,1,1,2,1,1,1,2,2,0,1,1,2,1,1,1,1,1,0,0,1,1,1,0,1,1,0,0,1,1,1,1,0,2,2,1,0,1,1,0,1,1,1,1,0,0,1,1,0,0,1,1,1,0,0,1,1,1,0,2,2,1,1,1,1,1,0,1,1,1,1,0,1,2,0,1,1,
719,746,246,217,512,798,422,214,294,798,617,227,243,705,753,251,216,495,798,437,214,278,796,631,231,241,691,759,257,215,478,798,453,214,264,793,644,235,238,676,765,268,214,462,798,467,215,253,791,657,238,233,661,770,289,214,446,798,482,215,248,789,670,241,233,644,774,305,214,430,799,496,215,246,786,682,244,230,626,780,318,214,413,799,512,216,247,785,694,245,227,613,785,332,214,397,799,527,216,247,
441,470,411,392,411,474,440,390,400,467,464,392,394,439,469,413,391,408,473,442,390,400,465,465,392,393,436,469,414,390,405,473,444,390,398,463,466,392,392,432,468,417,388,402,471,444,388,395,459,463,391,389,427,465,413,384,396,466,441,383,389,450,457,386,381,416,456,405,373,383,454,429,368,372,430,438,367,358,390,431,381,343,351,419,394,328,328,380,388,313,298,322,360,306,260,261,322,290,213,203,
5203411,5203397,5203383,5203368,5203354,5203340,5203326,5203311,5203297,5203283,5203269,5203254,5203240,5203226,5203212,5203197,5203183,5203169,5203155,5203140,5203126,5203112,5203098,5203083,5203069,5203055,5203041,5203026,5203012,5202998,5202984,5202969,5202955,5202941,5202927,5202912,5202898,5202884,5202870,5202855,5202841,5202827,5202813,5202798,5202784,5202770,5202756,5202741,5202727,5202713,5202699,5202685,5202670,5202656,5202642,5202628,5202613,5202599,5202585,5202571,5202556,5202542,5202528,5202514,5202499,5202485,5202471,5202457,5202442,5202428,5202414,5202400,5202385,5202371,5202357,5202343,5202328,5202314,5202300,5202286,5202271,5202257,5202243,5202229,5202214,5202200,5202186,5202172,5202157,5202143,5202129,5202115,5202100,5202086,5202072,5202058,5202043,5202029,5202015,5202000,
1,1,1,1,1,0,0,1,1,1,1,1,2,1,1,1,1,1,0,1,1,1,1,0,1,2,1,1,1,0,1,1,1,2,1,1,0,1,2,1,1,1,1,0,1,1,1,1,1,0,1,1,1,1,0,1,1,0,0,1,2,0,0,1,1,1,1,1,2,1,0,1,1,1,1,1,1,2,0,0,1,1,1,1,0,1,2,0,1,1,1,1,1,1,1,1,1,0,1,2,
555,218,246,779,722,245,221,566,795,373,214,348,799,568,220,246,759,730,245,220,551,796,387,214,333,798,582,221,246,741,737,245,218,535,797,401,214,317,799,596,223,245,727,744,245,217,519,797,415,214,301,798,610,225,244,712,749,248,216,504,798,429,214,287,797,623,229,242,699,756,253,215,488,798,443,214,272,795,636,233,240,685,762,263,215,472,798,458,215,260,792,649,236,237,671,767,273,214,457,798,
458,392,396,449,470,405,392,418,474,432,390,401,474,460,392,396,447,470,407,392,416,472,434,390,400,471,461,391,396,444,469,408,391,413,472,437,388,399,468,461,389,393,440,468,408,389,409,470,436,386,396,464,458,386,389,434,463,405,384,401,465,432,380,389,455,451,378,379,424,452,395,370,385,450,417,362,369,433,430,354,353,392,422,364,335,345,408,375,315,317,374,370,290,281,311,338,275,237,236,292,
5303411,5303397,5303382,5303368,5303354,5303340,5303325,5303311,5303297,5303283,5303268,5303254,5303240,5303226,5303211,5303197,5303183,5303169,5303154,5303140,5303126,5303112,5303097,5303083,5303069,5303055,5303040,5303026,5303012,5302998,5302983,5302969,5302955,5302941,5302926,5302912,5302898,5302884,5302869,5302855,5302841,5302827,5302812,5302798,5302784,5302770,5302756,5302741,5302727,5302713,5302699,5302684,5302670,5302656,5302642,5302627,5302613,5302599,5302585,5302570,5302556,5302542,5302528,5302513,5302499,5302485,5302471,5302456,5302442,5302428,5302414,5302399,5302385,5302371,5302357,5302342,5302328,5302314,5302300,5302285,5302271,5302257,5302243,5302228,5302214,5302200,5302186,5302171,5302157,5302143,5302129,5302114,5302100,5302086,5302072,5302057,5302043,5302029,5302015,5302000,
1,1,2,1,0,1,2,1,1,1,1,1,1,0,2,0,1,1,1,1,1,1,1,1,0,0,0,2,1,1,0,1,1,0,1,1,1,1,0,0,1,1,1,1,1,2,1,0,1,2,1,0,0,1,2,1,0,1,1,1,0,0,1,1,0,0,1,2,1,0,1,1,1,0,0,1,1,1,0,1,2,0,0,1,1,1,0,0,1,1,0,1,2,2,1,0,1,1,1,1,
214,436,799,491,215,246,788,678,243,231,632,778,313,214,419,799,506,215,246,785,690,245,228,617,783,327,214,403,799,521,216,247,783,701,245,225,604,789,341,214,386,799,535,216,246,782,710,246,224,588,792,355,214,369,799,550,218,246,780,719,246,222,571,794,369,214,353,799,565,219,246,771,728,245,220,555,796,383,214,337,799,579,220,246,744,735,245,219,539,797,397,214,321,798,593,222,245,730,742,245,
391,403,474,451,392,398,459,468,398,394,428,471,423,390,402,474,452,392,397,456,468,400,393,426,470,425,389,401,473,454,391,396,454,468,400,391,422,469,426,388,400,472,454,389,394,449,466,399,389,417,467,425,384,396,468,451,385,388,441,461,395,382,408,460,419,376,386,458,442,373,375,425,446,381,364,387,440,400,352,360,428,414,341,340,386,406,339,317,333,386,342,288,290,351,333,252,244,279,293,218,
5403411,5403397,5403382,5403368,5403354,5403340,5403325,5403311,5403297,5403283,5403268,5403254,5403240,5403226,5403211,5403197,5403183,5403169,5403154,5403140,5403126,5403112,5403097,5403083,5403069,5403055,5403041,5403026,5403012,5402998,5402984,5402969,5402955,5402941,5402927,5402912,5402898,5402884,5402870,5402855,5402841,5402827,5402813,5402798,5402784,5402770,5402756,5402741,5402727,5402713,5402699,5402684,5402670,5402656,5402642,5402627,5402613,5402599,5402585,5402570,5402556,5402542,5402528,5402513,5402499,5402485,5402471,5402456,5402442,5402428,5402414,5402399,5402385,5402371,5402357,5402342,5402328,5402314,5402300,5402285,5402271,5402257,5402243,5402228,5402214,5402200,5402186,5402171,5402157,5402143,5402129,5402114,5402100,5402086,5402072,5402057,5402043,5402029,5402015,5402000,
1,1,0,0,1,2,0,0,2,1,0,0,1,1,1,1,0,1,2,0,0,1,1,0,0,1,1,1,1,0,2,1,0,0,1,1,1,0,0,1,1,1,0,1,1,1,0,1,1,1,0,0,1,1,0,0,2,2,1,1,1,1,1,1,1,1,1,1,0,1,2,1,0,1,1,1,1,0,2,1,1,0,1,2,1,2,1,1,1,0,1,1,1,0,0,2,2,0,0,1,
706,752,250,216,497,798,436,214,280,796,629,230,241,693,758,255,215,481,798,450,214,266,793,642,234,239,678,764,267,214,464,798,465,214,255,791,655,238,236,663,769,285,214,449,798,476,215,248,789,667,241,233,646,774,302,214,433,799,493,215,246,787,680,244,230,630,778,315,214,417,799,508,216,246,785,691,245,228,616,784,329,214,401,799,522,216,247,783,702,246,225,601,789,342,214,384,799,537,217,246,
439,470,413,391,408,474,442,391,400,466,465,391,394,437,470,415,391,406,475,444,391,399,464,465,393,393,434,469,416,390,404,473,446,390,397,461,465,393,392,430,468,417,388,401,471,445,388,395,457,463,393,389,425,465,415,384,395,466,442,383,388,448,457,387,380,414,456,407,373,383,454,430,368,372,428,438,368,358,388,430,381,342,350,418,394,327,326,378,387,313,297,320,360,306,259,260,321,290,212,202,
5503411,5503397,5503382,5503368,5503354,5503340,5503325,5503311,5503297,5503283,5503268,5503254,5503240,5503226,5503211,5503197,5503183,5503169,5503154,5503140,5503126,5503112,5503097,5503083,5503069,5503055,5503040,5503026,5503012,5502998,5502983,5502969,5502955,5502941,5502926,5502912,5502898,5502884,5502869,5502855,5502841,5502827,5502812,5502798,5502784,5502770,5502755,5502741,5502727,5502713,5502698,5502684,5502670,5502656,5502642,5502627,5502613,5502599,5502585,5502570,5502556,5502542,5502528,5502513,5502499,5502485,5502471,5502456,5502442,5502428,5502414,5502399,5502385,5502371,5502357,5502342,5502328,5502314,5502300,5502285,5502271,5502257,5502243,5502228,5502214,5502200,5502186,5502171,5502157,5502143,5502129,5502114,5502100,5502086,5502072,5502057,5502043,5502029,5502015,5502000,
1,0,1,1,0,1,1,2,1,0,0,2,1,1,1,1,1,1,1,1,1,1,0,0,1,1,1,0,1,1,0,0,1,1,1,1,0,1,1,1,0,1,1,1,0,1,1,1,1,0,2,2,0,0,1,1,1,0,0,1,1,1,0,2,2,1,0,1,1,0,0,0,1,1,1,1,2,2,0,0,1,1,1,0,1,1,1,1,0,1,2,1,0,1,1,1,1,0,1,2,
464,215,256,792,654,237,236,664,769,285,214,449,799,479,215,248,789,668,241,233,646,774,303,214,432,799,494,215,246,787,681,244,230,628,779,317,214,414,799,510,216,247,785,694,245,227,614,785,332,214,399,799,526,216,246,782,704,245,225,597,790,346,214,380,799,541,217,246,781,713,245,223,581,793,360,214,364,800,555,218,246,779,722,245,221,566,795,374,214,348,799,569,219,246,757,730,246,220,549,796,
447,391,399,463,467,395,394,435,470,419,390,403,474,449,392,398,460,467,397,393,430,470,421,390,402,473,450,391,397,457,468,398,392,427,470,422,389,401,473,451,390,396,454,466,398,390,419,468,422,386,398,470,450,387,391,448,463,395,385,415,463,418,379,390,462,444,378,381,435,452,384,372,398,450,405,362,371,442,423,354,355,405,422,354,337,359,408,363,315,320,387,365,289,284,327,340,266,240,251,294,
5603411,5603397,5603382,5603368,5603354,5603340,5603325,5603311,5603297,5603283,5603268,5603254,5603240,5603226,5603211,5603197,5603183,5603169,5603155,5603140,5603126,5603112,5603098,5603083,5603069,5603055,5603041,5603026,5603012,5602998,5602984,5602969,5602955,5602941,5602927,5602912,5602898,5602884,5602870,5602855,5602841,5602827,5602813,5602798,5602784,5602770,5602756,5602741,5602727,5602713,5602699,5602684,5602670,5602656,5602642,5602627,5602613,5602599,5602585,5602570,5602556,5602542,5602528,5602513,5602499,5602485,5602471,5602456,5602442,5602428,5602414,5602399,5602385,5602371,5602357,5602342,5602328,5602314,5602300,5602285,5602271,5602257,5602243,5602228,5602214,5602200,5602186,5602172,5602157,5602143,5602129,5602115,5602100,5602086,5602072,5602058,5602043,5602029,5602015,5602000,
0,1,1,1,0,1,1,0,0,1,1,1,0,1,1,1,1,1,1,2,0,1,1,1,1,0,1,1,1,1,0,2,2,1,0,1,1,1,1,0,1,1,0,0,1,2,0,0,1,1,1,1,1,1,1,0,1,1,2,1,1,1,1,1,1,0,1,1,0,0,2,1,1,0,1,1,1,0,0,1,1,0,0,1,2,0,0,1,1,1,1,1,1,1,1,0,1,2,1,1,
229,621,782,323,214,408,799,517,216,247,784,698,245,226,610,787,337,214,391,799,531,216,247,782,707,245,224,592,791,351,214,374,799,546,217,246,780,717,245,222,575,794,366,214,357,799,561,219,246,776,726,246,220,558,796,381,214,340,799,576,221,246,747,734,245,219,541,797,395,214,324,798,590,222,245,732,741,246,218,526,797,409,214,308,798,604,224,245,717,747,247,217,509,798,424,214,291,797,618,227,
393,427,472,425,391,402,474,454,392,398,455,469,402,393,424,471,426,390,401,475,455,391,396,452,469,402,392,421,471,428,389,400,474,457,390,395,449,468,402,390,417,469,429,387,398,471,455,388,392,444,465,401,387,412,467,428,382,392,464,451,382,385,434,458,394,377,399,456,418,371,380,448,438,366,367,413,437,374,353,372,429,391,339,345,409,399,321,319,360,381,315,288,298,352,309,249,247,301,284,197,
5703411,5703397,5703382,5703368,5703354,5703340,5703325,5703311,5703297,5703283,5703268,5703254,5703240,5703226,5703211,5703197,5703183,5703169,5703154,5703140,5703126,5703112,5703097,5703083,5703069,5703055,5703040,5703026,5703012,5702998,5702983,5702969,5702955,5702941,5702926,5702912,5702898,5702884,5702869,5702855,5702841,5702827,5702812,5702798,5702784,5702770,5702755,5702741,5702727,5702713,5702698,5702684,5702670,5702656,5702641,5702627,5702613,5702599,5702584,5702570,5702556,5702542,5702528,5702513,5702499,5702485,5702471,5702456,5702442,5702428,5702414,5702399,5702385,5702371,5702357,5702342,5702328,5702314,5702300,5702285,5702271,5702257,5702243,5702228,5702214,5702200,5702186,5702171,5702157,5702143,5702129,5702114,5702100,5702086,5702072,5702057,5702043,5702029,5702015,5702000,
2,1,0,1,1,1,2,0,1,1,1,0,1,1,1,1,1,1,0,1,1,2,1,2,0,1,2,1,1,1,1,1,0,1,2,1,1,1,1,2,1,1,0,1,1,1,0,2,1,1,0,1,2,1,0,1,1,2,0,0,1,2,0,0,1,1,1,0,1,1,1,0,0,1,1,1,0,1,1,1,1,0,1,1,0,0,1,1,1,1,1,1,1,0,0,1,1,1,0,2,
798,565,219,246,769,728,246,220,554,796,384,214,337,799,579,221,246,743,736,246,219,538,797,398,214,320,798,594,225,245,728,743,245,217,521,797,414,214,303,798,609,225,244,713,749,248,217,505,798,428,215,287,797,621,229,242,699,755,253,215,489,798,442,215,272,794,636,232,240,685,762,263,214,472,798,458,215,260,792,649,236,237,671,767,273,214,457,799,472,215,251,790,662,239,234,655,772,296,214,441,
475,460,392,396,448,470,406,392,416,472,434,390,401,471,460,391,395,445,470,408,392,414,473,436,390,400,469,461,391,394,441,469,409,391,411,472,438,389,399,466,461,389,392,438,467,409,388,406,470,437,386,395,462,459,386,388,431,463,406,383,398,464,433,379,387,452,451,377,377,417,450,394,368,382,447,417,360,365,427,427,351,348,384,417,360,328,336,401,368,305,306,362,360,280,268,296,323,261,218,215,
5803411,5803397,5803383,5803368,5803354,5803340,5803326,5803311,5803297,5803283,5803269,5803254,5803240,5803226,5803212,5803197,5803183,5803169,5803155,5803140,5803126,5803112,5803098,5803083,5803069,5803055,5803041,5803026,5803012,5802998,5802984,5802969,5802955,5802941,5802927,5802912,5802898,5802884,5802870,5802855,5802841,5802827,5802813,5802799,5802784,5802770,5802756,5802742,5802727,5802713,5802699,5802685,5802670,5802656,5802642,5802628,5802613,5802599,5802585,5802571,5802556,5802542,5802528,5802514,5802499,5802485,5802471,5802457,5802442,5802428,5802414,5802400,5802385,5802371,5802357,5802343,5802328,5802314,5802300,5802286,5802271,5802257,5802243,5802229,5802214,5802200,5802186,5802172,5802157,5802143,5802129,5802115,5802100,5802086,5802072,5802058,5802043,5802029,5802015,5802000,
0,1,2,2,0,1,1,1,1,0,1,2,1,0,1,1,0,1,0,1,1,1,0,0,1,1,0,0,1,2,1,0,1,1,1,1,0,2,1,1,0,1,1,1,1,1,1,1,0,0,1,1,0,1,1,2,1,1,1,1,1,0,0,2,1,1,0,1,1,1,0,1,1,1,1,0,1,2,0,0,1,1,0,0,1,1,1,0,1,1,1,0,0,1,1,1,0,1,1,1,
378,214,343,799,573,220,246,750,733,245,219,545,796,393,214,326,798,588,221,246,736,740,246,218,529,797,407,214,310,798,602,224,245,719,746,246,217,512,797,422,214,293,797,617,227,244,705,752,250,216,496,798,437,214,279,796,630,230,241,691,759,256,215,479,798,452,214,265,793,644,233,239,677,765,268,214,463,798,466,215,254,791,657,238,236,661,770,289,214,447,799,481,215,248,789,669,241,233,644,774,
433,390,401,473,460,392,396,446,470,407,392,415,473,436,390,401,470,461,392,395,443,470,409,391,414,473,437,389,400,468,462,390,394,440,469,410,390,409,472,439,389,398,465,461,389,392,436,466,409,388,404,469,438,385,394,460,458,385,387,428,461,405,381,395,462,432,377,384,448,448,374,373,412,446,393,363,374,441,412,354,358,419,420,344,338,372,406,349,315,321,385,353,288,287,340,337,257,241,264,292,
5903411,5903397,5903383,5903368,5903354,5903340,5903326,5903311,5903297,5903283,5903269,5903254,5903240,5903226,5903212,5903197,5903183,5903169,5903155,5903140,5903126,5903112,5903098,5903083,5903069,5903055,5903041,5903026,5903012,5902998,5902984,5902969,5902955,5902941,5902927,5902912,5902898,5902884,5902870,5902855,5902841,5902827,5902813,5902799,5902784,5902770,5902756,5902742,5902727,5902713,5902699,5902685,5902670,5902656,5902642,5902628,5902613,5902599,5902585,5902571,5902556,5902542,5902528,5902514,5902499,5902485,5902471,5902457,5902442,5902428,5902414,5902400,5902385,5902371,5902357,5902343,5902328,5902314,5902300,5902286,5902271,5902257,5902243,5902229,5902214,5902200,5902186,5902172,5902157,5902143,5902129,5902115,5902100,5902086,5902072,5902058,5902043,5902029,5902015,5902000,
0,1,1,1,0,1,2,0,0,1,1,1,0,1,2,1,0,0,2,1,1,0,1,1,1,0,0,1,1,0,0,1,2,0,0,1,1,1,0,0,1,0,0,0,1,1,0,0,0,1,1,0,0,1,1,1,0,1,1,1,1,0,1,1,0,0,1,1,2,0,1,1,1,0,0,1,1,1,0,1,2,1,1,1,1,1,0,1,1,1,0,0,1,2,1,0,1,2,0,1,
220,549,796,389,214,331,799,584,221,246,739,738,246,218,533,797,403,214,315,798,598,223,245,724,744,246,217,518,797,416,217,300,798,612,226,244,710,750,248,216,502,798,431,214,285,797,625,229,242,697,756,254,215,486,798,445,215,271,794,638,233,240,684,763,264,215,471,798,459,215,259,792,650,236,237,669,767,275,214,455,799,473,215,250,790,663,240,234,653,772,297,214,439,799,488,215,246,788,675,242,
392,416,474,435,390,401,471,461,392,395,444,470,409,393,413,473,437,390,401,469,462,391,394,441,469,409,391,411,473,438,389,399,467,463,390,395,438,468,410,389,407,471,439,388,397,464,461,389,390,433,465,409,386,401,468,437,384,392,457,457,383,384,425,458,403,377,390,458,428,372,379,441,443,368,366,404,438,383,353,362,430,400,340,343,402,403,327,318,349,383,325,287,291,353,320,250,245,294,289,205,
6003411,6003397,6003382,6003368,6003354,6003340,6003325,6003311,6003297,6003283,6003268,6003254,6003240,6003226,6003211,6003197,6003183,6003169,6003154,6003140,6003126,6003112,6003097,6003083,6003069,6003055,6003040,6003026,6003012,6002998,6002983,6002969,6002955,6002941,6002926,6002912,6002898,6002884,6002869,6002855,6002841,6002827,6002813,6002798,6002784,6002770,6002756,6002741,6002727,6002713,6002699,6002684,6002670,6002656,6002642,6002627,6002613,6002599,6002585,6002570,6002556,6002542,6002528,6002513,6002499,6002485,6002471,6002456,6002442,6002428,6002414,6002399,6002385,6002371,6002357,6002342,6002328,6002314,6002300,6002285,6002271,6002257,6002243,6002228,6002214,6002200,6002186,6002171,6002157,6002143,6002129,6002114,6002100,6002086,6002072,6002057,6002043,6002029,6002015,6002000,
1,1,0,0,1,1,1,1,1,1,1,1,1,1,1,1,0,1,1,1,1,1,1,1,1,1,1,1,1,1,2,1,1,0,1,2,0,0,1,1,1,1,0,2,1,1,1,1,1,1,0,0,1,1,0,0,1,1,1,1,1,1,0,0,0,1,1,1,0,2,2,0,0,1,1,1,1,1,1,1,0,1,1,1,0,0,1,1,1,1,1,4,1,0,1,2,2,1,3,1,
727,743,246,217,521,797,414,214,303,798,608,225,244,713,748,248,216,506,798,427,215,288,797,622,228,243,698,754,252,214,489,798,442,215,273,795,635,232,240,686,761,263,214,474,798,456,214,261,793,648,236,237,673,767,272,214,459,799,470,215,252,790,660,239,235,656,771,294,214,442,798,484,215,247,788,672,242,232,640,775,307,214,428,799,498,216,246,786,683,244,230,625,780,319,214,413,798,512,215,247,
442,470,410,392,412,473,439,390,401,469,463,392,394,440,470,412,391,410,473,441,390,400,467,464,391,394,440,469,413,390,406,473,442,390,399,464,464,391,392,434,468,413,389,403,471,442,388,396,460,462,389,389,429,465,411,384,397,466,439,382,389,452,456,384,380,418,456,404,373,384,453,427,367,372,432,438,365,358,392,430,378,343,351,419,392,327,328,382,387,311,298,324,360,303,260,261,322,286,213,203,
6103411,6103397,6103382,6103368,6103354,6103340,6103325,6103311,6103297,6103283,6103268,6103254,6103240,6103226,6103211,6103197,6103183,6103169,6103154,6103140,6103126,6103112,6103097,6103083,6103069,6103055,6103040,6103026,6103012,6102998,6102983,6102969,6102955,6102941,6102926,6102912,6102898,6102884,6102869,6102855,6102841,6102827,6102812,6102798,6102784,6102770,6102755,6102741,6102727,6102713,6102698,6102684,6102670,6102656,6102641,6102627,6102613,6102599,6102584,6102570,6102556,6102542,6102528,6102513,6102499,6102485,6102471,6102456,6102442,6102428,6102414,6102399,6102385,6102371,6102357,6102342,6102328,6102314,6102300,6102285,6102271,6102257,6102243,6102228,6102214,6102200,6102186,6102171,6102157,6102143,6102129,6102114,6102100,6102086,6102072,6102057,6102043,6102029,6102015,6102000,
0,0,0,1,1,0,1,1,1,0,0,1,1,1,1,1,1,1,0,0,2,2,1,0,1,2,1,0,1,1,1,0,0,1,2,1,1,1,1,1,0,1,1,1,0,1,1,3,0,1,1,1,1,1,0,1,1,1,0,1,2,1,0,1,1,1,1,0,1,1,1,0,1,2,1,0,1,2,1,0,0,1,1,1,0,1,1,1,1,1,1,1,0,1,2,1,0,0,1,2,
672,242,232,641,775,306,214,427,799,498,215,246,786,684,244,229,624,780,320,214,412,799,513,216,247,784,696,245,227,613,786,334,214,395,799,528,216,246,783,705,245,225,595,791,348,214,378,799,542,217,246,781,714,245,222,579,793,361,214,362,799,556,218,246,779,723,246,221,564,795,375,214,346,799,570,221,246,755,731,246,220,548,796,389,214,331,799,584,221,242,739,737,246,218,533,797,399,214,315,798,
468,398,394,430,471,422,390,402,474,452,392,398,458,468,399,393,427,472,424,390,402,474,453,392,397,455,468,400,392,424,471,426,389,400,473,454,391,395,452,468,400,391,420,469,426,387,400,471,453,388,392,446,465,399,387,414,465,424,382,393,466,449,381,385,437,457,391,377,401,454,414,369,378,450,434,364,365,414,435,369,351,372,425,384,334,341,406,391,316,313,356,374,305,280,292,342,295,237,235,290,
6203411,6203397,6203383,6203368,6203354,6203340,6203326,6203311,6203297,6203283,6203269,6203254,6203240,6203226,6203212,6203197,6203183,6203169,6203155,6203140,6203126,6203112,6203098,6203083,6203069,6203055,6203041,6203026,6203012,6202998,6202984,6202969,6202955,6202941,6202927,6202912,6202898,6202884,6202870,6202855,6202841,6202827,6202813,6202798,6202784,6202770,6202756,6202741,6202727,6202713,6202699,6202684,6202670,6202656,6202642,6202627,6202613,6202599,6202585,6202571,6202556,6202542,6202528,6202514,6202499,6202485,6202471,6202457,6202442,6202428,6202414,6202400,6202385,6202371,6202357,6202343,6202328,6202314,6202300,6202286,6202271,6202257,6202243,6202229,6202214,6202200,6202186,6202172,6202157,6202143,6202129,6202115,6202100,6202086,6202072,6202058,6202043,6202029,6202015,6202000,
1,0,1,1,0,0,1,2,1,1,0,2,1,0,1,2,1,0,0,1,2,1,1,1,1,1,0,0,1,1,0,1,1,2,1,0,1,1,1,0,0,1,1,1,1,1,1,1,1,0,1,1,1,1,1,1,0,1,1,1,1,1,1,1,1,1,0,1,1,1,0,1,1,0,0,1,1,1,1,1,1,1,1,1,1,2,1,1,1,1,1,0,1,1,1,1,0,1,2,1,
246,223,584,793,358,214,366,799,552,217,246,780,720,246,221,570,794,370,214,352,799,565,219,246,771,728,248,220,555,796,384,214,336,799,580,221,246,744,736,246,218,539,796,397,214,321,799,593,222,245,731,742,246,219,524,797,411,214,306,798,605,225,245,716,748,247,216,509,798,425,214,291,798,619,228,243,703,754,252,216,493,798,438,214,277,796,631,231,241,690,760,257,215,478,798,452,215,264,793,643,
404,392,421,472,430,390,401,474,458,392,396,449,469,405,392,418,472,432,389,401,474,459,391,395,447,469,406,391,416,472,433,389,400,471,460,390,394,443,468,406,390,412,470,434,387,398,467,459,388,391,439,465,405,386,406,467,432,383,392,460,454,382,384,429,457,398,377,395,457,423,371,379,445,440,365,366,408,437,377,353,366,429,394,338,344,405,399,321,317,353,380,318,286,292,351,312,248,244,296,284,
7301736,7301721,7301707,7301693,7301679,7301664,7301650,7301636,7301622,7301607,7301593,7301579,7301565,7301550,7301536,7301522,7301508,7301494,7301479,7301465,7301451,7301437,7301422,7301408,7301394,7301380,7301365,7301351,7301337,7301323,7301308,7301294,7301280,7301266,7301251,7301237,7301223,7301209,7301194,7301180,7301166,7301152,7301137,7301123,7301109,7301095,7301080,7301066,7301052,7301038,7301023,7301009,7300995,7300981,7300966,7300952,7300938,7300924,7300909,7300895,7300881,7300867,7300852,7300838,7300824,7300810,7300795,7300781,7300767,7300753,7300738,7300724,7300710,7300696,7300681,7300667,7300653,7300639,7300624,7300610,7300596,7300582,7300567,7300553,7300539,7300525,7300510,7300496,7300482,7300468,7300453,7300439,7300425,7300411,7300396,7300382,7300368,7300354,7300339,7300325,
1,1,1,1,1,0,2,1,1,1,1,1,1,0,1,1,1,1,0,1,1,1,1,1,2,1,0,1,1,1,1,0,1,1,1,0,1,1,1,0,1,1,1,1,1,2,2,0,0,1,1,1,0,1,1,1,1,0,2,1,1,0,0,1,1,1,1,1,1,1,0,1,2,0,0,1,1,1,1,1,1,1,0,0,1,1,1,0,1,1,1,1,1,1,1,0,1,1,2,0,
230,241,694,758,254,215,483,798,448,215,268,794,640,234,239,681,764,265,214,468,798,461,215,257,792,652,237,237,668,768,277,214,454,798,475,215,249,790,664,240,234,652,773,298,214,438,799,489,215,246,788,676,242,232,639,776,308,214,426,799,500,215,246,786,685,244,229,624,781,320,214,411,799,513,216,247,784,695,245,227,614,786,332,214,396,799,526,216,246,783,704,246,225,598,787,345,214,381,799,539,
392,394,437,470,414,389,406,474,444,390,399,465,465,393,393,435,469,416,390,404,473,445,391,398,462,465,393,392,432,469,416,389,401,472,446,389,396,459,465,394,390,426,467,417,386,398,469,445,386,392,453,461,391,385,421,461,412,379,390,461,438,377,381,440,450,379,371,404,446,397,361,370,440,416,352,354,409,419,347,334,362,404,353,311,316,382,356,284,282,328,333,255,234,251,285,227,172,165,218,179,
7401535,7401521,7401507,7401492,7401478,7401464,7401450,7401435,7401421,7401407,7401393,7401378,7401364,7401350,7401336,7401321,7401307,7401293,7401279,7401264,7401250,7401236,7401222,7401207,7401193,7401179,7401165,7401150,7401136,7401122,7401108,7401093,7401079,7401065,7401051,7401036,7401022,7401008,7400994,7400980,7400965,7400951,7400937,7400923,7400908,7400894,7400880,7400866,7400851,7400837,7400823,7400809,7400794,7400780,7400766,7400752,7400737,7400723,7400709,7400695,7400680,7400666,7400652,7400638,7400623,7400609,7400595,7400581,7400566,7400552,7400538,7400524,7400509,7400495,7400481,7400467,7400452,7400438,7400424,7400410,7400395,7400381,7400367,7400353,7400338,7400324,7400310,7400296,7400281,7400267,7400253,7400239,7400224,7400210,7400196,7400182,7400167,7400153,7400139,7400124,
1,2,1,0,1,1,1,0,0,1,1,0,1,2,1,0,0,1,1,1,0,0,1,0,1,0,1,2,0,0,1,1,1,1,0,1,1,0,0,1,1,1,0,1,1,1,0,0,2,1,1,0,1,2,1,0,0,1,1,1,0,1,1,0,0,1,1,1,1,1,1,1,0,0,1,1,1,0,1,1,1,0,1,1,1,0,1,1,1,1,0,1,1,0,0,0,1,1,0,1,
380,799,541,217,246,781,714,246,223,582,793,359,214,365,799,554,218,246,780,721,246,221,568,795,372,214,350,799,567,219,246,766,729,246,220,552,796,386,214,336,799,581,221,246,742,736,245,219,537,797,399,214,319,798,594,223,245,729,742,246,214,522,797,412,214,304,798,609,225,244,714,748,247,217,509,798,426,214,290,798,621,225,243,701,754,252,215,492,800,440,215,275,795,633,231,241,689,761,260,215,
402,475,457,392,397,452,470,404,393,421,472,430,390,401,475,458,392,396,449,470,405,392,418,472,432,389,400,474,459,391,395,446,472,406,391,415,471,433,389,400,470,459,389,393,442,467,406,388,410,469,432,385,396,465,456,385,388,435,461,401,382,402,462,426,377,386,453,447,373,375,419,447,387,365,381,442,408,354,361,425,418,342,341,381,408,346,318,329,389,351,292,293,349,340,257,246,277,298,229,189,
7501535,7501521,7501507,7501493,7501478,7501464,7501450,7501436,7501421,7501407,7501393,7501379,7501364,7501350,7501336,7501322,7501308,7501293,7501279,7501265,7501251,7501236,7501222,7501208,7501194,7501179,7501165,7501151,7501137,7501122,7501108,7501094,7501080,7501065,7501051,7501037,7501023,7501008,7500994,7500980,7500966,7500951,7500937,7500923,7500909,7500894,7500880,7500866,7500852,7500837,7500823,7500809,7500795,7500780,7500766,7500752,7500738,7500723,7500709,7500695,7500681,7500666,7500652,7500638,7500624,7500609,7500595,7500581,7500567,7500552,7500538,7500524,7500510,7500495,7500481,7500467,7500453,7500438,7500424,7500410,7500396,7500381,7500367,7500353,7500339,7500324,7500310,7500296,7500282,7500268,7500253,7500239,7500225,7500211,7500196,7500182,7500168,7500154,7500139,7500125,
1,1,0,0,2,1,0,1,1,1,1,0,1,1,1,1,1,1,1,1,0,1,2,1,0,0,1,1,0,0,3,1,1,1,1,2,1,0,1,1,1,0,1,2,2,1,0,1,2,0,0,1,1,1,1,1,1,1,1,1,1,2,3,0,1,1,1,1,0,2,1,1,0,1,1,1,1,1,1,1,1,1,1,1,0,1,1,1,1,1,1,1,1,1,0,2,2,1,0,1,
747,734,245,220,541,797,395,214,324,799,590,222,245,733,741,245,218,526,797,409,214,308,798,604,224,245,718,747,246,217,511,798,423,214,293,798,617,227,243,704,753,251,216,495,798,437,214,278,796,631,231,240,691,760,257,215,479,798,451,215,265,793,643,234,239,678,765,266,214,464,798,465,215,254,791,656,238,236,663,769,286,214,449,798,479,215,248,789,668,241,233,647,774,302,214,433,798,493,215,246,
446,470,408,392,415,473,436,390,401,471,462,392,396,444,470,410,392,413,473,438,390,401,469,463,388,394,441,469,410,391,410,473,440,389,400,466,463,390,393,437,468,411,389,406,471,440,388,397,462,461,388,390,432,465,409,385,400,467,437,382,390,454,455,382,381,421,456,401,374,386,454,425,370,374,436,438,363,360,396,430,376,344,353,420,390,328,330,387,388,311,300,330,361,303,262,264,324,289,217,208,
7601536,7601522,7601507,7601493,7601479,7601465,7601450,7601436,7601422,7601408,7601393,7601379,7601365,7601351,7601336,7601322,7601308,7601294,7601279,7601265,7601251,7601237,7601222,7601208,7601194,7601180,7601165,7601151,7601137,7601123,7601108,7601094,7601080,7601066,7601051,7601037,7601023,7601009,7600994,7600980,7600966,7600952,7600937,7600923,7600909,7600895,7600880,7600866,7600852,7600838,7600823,7600809,7600795,7600781,7600766,7600752,7600738,7600724,7600709,7600695,7600681,7600667,7600653,7600638,7600624,7600610,7600596,7600581,7600567,7600553,7600539,7600524,7600510,7600496,7600482,7600467,7600453,7600439,7600425,7600410,7600396,7600382,7600368,7600353,7600339,7600325,7600311,7600296,7600282,7600268,7600254,7600239,7600225,7600211,7600197,7600182,7600168,7600154,7600140,7600125,
1,1,0,1,1,0,0,2,4,1,0,0,1,1,1,1,2,1,0,0,1,2,1,1,1,1,1,1,1,2,2,1,0,1,2,1,0,0,2,1,1,0,1,1,1,0,1,2,1,1,0,1,1,0,1,2,2,1,0,1,2,1,1,1,1,1,1,0,2,1,1,0,1,1,1,0,1,1,1,0,1,1,2,1,0,1,1,1,0,1,1,1,0,0,1,2,1,0,1,1,
754,252,216,491,798,440,214,276,795,632,231,241,690,760,258,214,478,798,453,214,265,793,645,235,238,676,766,268,214,462,798,468,215,253,791,658,238,236,660,770,290,214,445,799,482,215,248,789,671,241,232,643,775,305,214,429,799,497,215,246,786,684,244,230,626,780,319,214,413,799,512,216,247,785,694,245,227,613,786,332,214,397,799,526,216,247,782,704,246,225,598,790,345,214,380,799,540,217,247,782,
470,414,392,408,474,444,391,401,466,466,393,395,437,470,416,391,406,474,445,391,400,464,466,393,393,434,470,416,390,403,473,447,391,398,462,466,394,392,431,469,417,389,400,471,446,389,396,457,465,394,390,426,467,417,386,396,468,445,385,390,449,459,389,382,416,458,410,375,386,457,434,372,375,432,443,373,362,393,436,388,349,358,427,404,337,337,389,400,327,311,334,376,325,278,280,343,315,239,230,271,
7701538,7701523,7701509,7701495,7701481,7701466,7701452,7701438,7701424,7701409,7701395,7701381,7701367,7701352,7701338,7701324,7701310,7701295,7701281,7701267,7701253,7701238,7701224,7701210,7701196,7701181,7701167,7701153,7701139,7701124,7701110,7701096,7701082,7701067,7701053,7701039,7701025,7701010,7700996,7700982,7700968,7700953,7700939,7700925,7700911,7700896,7700882,7700868,7700854,7700839,7700825,7700811,7700797,7700782,7700768,7700754,7700740,7700725,7700711,7700697,7700683,7700668,7700654,7700640,7700626,7700612,7700597,7700583,7700569,7700555,7700540,7700526,7700512,7700498,7700483,7700469,7700455,7700441,7700426,7700412,7700398,7700384,7700369,7700355,7700341,7700327,7700312,7700298,7700284,7700270,7700255,7700241,7700227,7700213,7700198,7700184,7700170,7700156,7700141,7700127,
1,1,2,1,1,0,1,1,1,1,0,1,1,1,0,1,1,1,0,1,2,1,0,1,1,1,1,0,2,2,1,1,1,1,1,0,0,1,1,1,0,2,2,1,1,1,1,1,0,0,1,1,1,0,1,2,1,0,1,1,1,0,1,1,1,1,0,1,2,1,0,1,1,1,0,1,1,1,1,0,1,2,0,0,1,1,1,0,0,1,1,1,0,1,2,1,0,1,1,1,
255,215,481,798,450,214,268,794,641,232,239,681,764,265,214,467,799,462,215,257,792,654,238,236,666,769,281,214,451,798,477,215,249,790,666,240,234,649,773,301,214,434,799,493,215,246,787,679,244,231,632,778,314,214,419,799,507,215,246,785,690,245,228,617,784,327,214,402,799,521,216,246,783,700,245,226,605,788,338,214,387,799,534,217,246,782,709,246,224,588,792,354,214,371,799,549,218,246,780,718,
415,391,406,474,445,392,400,465,467,394,394,436,471,416,391,405,474,446,391,399,463,466,394,393,432,470,418,391,403,474,448,391,398,461,467,396,392,429,469,420,389,400,472,449,390,396,456,466,396,390,425,467,419,386,397,468,446,386,391,449,461,392,384,416,460,416,377,388,459,438,374,378,434,447,378,367,396,441,395,355,364,433,412,344,345,397,409,338,322,345,390,341,293,298,362,336,261,254,296,305,
7801538,7801523,7801509,7801495,7801481,7801466,7801452,7801438,7801424,7801409,7801395,7801381,7801367,7801352,7801338,7801324,7801310,7801295,7801281,7801267,7801253,7801238,7801224,7801210,7801196,7801181,7801167,7801153,7801139,7801124,7801110,7801096,7801082,7801067,7801053,7801039,7801025,7801010,7800996,7800982,7800968,7800953,7800939,7800925,7800911,7800896,7800882,7800868,7800854,7800839,7800825,7800811,7800797,7800782,7800768,7800754,7800740,7800725,7800711,7800697,7800683,7800668,7800654,7800640,7800626,7800611,7800597,7800583,7800569,7800554,7800540,7800526,7800512,7800498,7800483,7800469,7800455,7800441,7800426,7800412,7800398,7800384,7800369,7800355,7800341,7800327,7800312,7800298,7800284,7800270,7800255,7800241,7800227,7800213,7800198,7800184,7800170,7800156,7800141,7800127,
1,1,0,0,1,1,0,0,1,2,1,0,1,2,1,1,0,1,1,0,1,1,1,1,1,0,1,1,0,0,1,4,1,0,1,2,1,0,0,1,1,0,1,3,1,1,1,1,2,0,0,1,1,1,1,0,2,1,0,1,1,2,1,1,0,1,1,0,0,1,1,1,1,1,1,0,0,1,1,1,1,0,1,2,0,1,1,1,1,1,0,2,1,1,1,2,1,1,1,1,
782,712,246,223,584,793,358,214,366,799,553,218,246,780,722,246,221,566,795,374,214,347,799,570,220,246,755,731,245,219,548,796,390,214,329,799,586,221,246,736,739,245,218,529,797,407,214,310,799,602,224,245,719,746,246,217,512,798,422,214,294,798,617,227,243,704,753,251,216,494,798,438,214,276,796,633,231,241,689,761,261,215,475,798,456,215,261,793,648,236,238,672,767,272,214,457,798,472,215,251,
452,470,404,393,421,472,431,390,401,475,458,392,395,449,470,405,392,418,474,433,390,401,474,460,390,395,446,469,407,392,417,472,434,389,400,470,460,390,394,442,469,407,389,411,471,435,387,397,466,459,387,390,437,465,405,385,404,466,433,382,391,457,453,380,382,425,455,397,374,390,454,421,367,375,439,436,360,360,399,430,372,344,355,419,386,328,331,390,386,307,300,332,360,299,262,264,323,285,215,207,
7901537,7901523,7901509,7901494,7901480,7901466,7901452,7901437,7901423,7901409,7901395,7901380,7901366,7901352,7901338,7901323,7901309,7901295,7901281,7901266,7901252,7901238,7901224,7901209,7901195,7901181,7901167,7901152,7901138,7901124,7901110,7901095,7901081,7901067,7901053,7901038,7901024,7901010,7900996,7900981,7900967,7900953,7900939,7900925,7900910,7900896,7900882,7900868,7900853,7900839,7900825,7900811,7900796,7900782,7900768,7900754,7900739,7900725,7900711,7900697,7900682,7900668,7900654,7900640,7900625,7900611,7900597,7900583,7900568,7900554,7900540,7900526,7900511,7900497,7900483,7900469,7900454,7900440,7900426,7900412,7900397,7900383,7900369,7900355,7900340,7900326,7900312,7900298,7900283,7900269,7900255,7900241,7900226,7900212,7900198,7900184,7900169,7900155,7900141,7900126,
1,1,1,1,0,1,1,0,0,2,1,0,0,1,1,1,0,1,1,3,1,0,1,1,1,1,1,2,1,0,0,1,1,0,0,1,2,1,0,0,1,1,1,0,1,1,0,1,1,1,0,1,0,1,1,1,0,2,1,0,0,1,1,1,1,1,1,1,1,0,2,1,1,0,1,1,0,0,0,1,1,1,1,2,2,0,1,1,1,1,0,0,1,1,1,0,2,2,1,1,
246,757,730,245,219,549,796,390,214,332,799,585,221,245,738,739,246,218,530,797,406,215,312,798,601,224,245,719,746,246,217,512,798,423,214,293,798,617,228,243,703,754,252,215,492,798,440,215,275,795,634,232,241,687,761,262,215,474,798,456,214,261,793,648,236,237,671,767,274,214,456,799,473,215,250,790,663,240,234,652,772,298,214,437,798,490,215,246,787,678,243,231,632,778,314,214,418,798,507,215,
396,447,470,408,392,416,473,436,390,401,471,461,392,396,444,470,409,392,413,473,438,390,401,469,462,392,395,441,470,411,391,410,473,440,390,400,466,463,391,393,437,469,412,387,405,471,440,388,397,462,462,389,390,432,465,410,385,399,467,438,383,391,454,456,382,382,421,457,403,374,386,455,427,369,375,436,440,366,361,396,433,380,346,354,422,394,331,333,388,392,317,304,332,367,310,268,270,331,298,224,
8001538,8001523,8001509,8001495,8001481,8001466,8001452,8001438,8001424,8001409,8001395,8001381,8001367,8001352,8001338,8001324,8001310,8001295,8001281,8001267,8001253,8001238,8001224,8001210,8001196,8001181,8001167,8001153,8001139,8001124,8001110,8001096,8001082,8001067,8001053,8001039,8001025,8001010,8000996,8000982,8000968,8000953,8000939,8000925,8000911,8000896,8000882,8000868,8000854,8000839,8000825,8000811,8000797,8000782,8000768,8000754,8000740,8000725,8000711,8000697,8000683,8000668,8000654,8000640,8000626,8000611,8000597,8000583,8000569,8000554,8000540,8000526,8000512,8000498,8000483,8000469,8000455,8000441,8000426,8000412,8000398,8000384,8000369,8000355,8000341,8000327,8000312,8000298,8000284,8000270,8000255,8000241,8000227,8000213,8000198,8000184,8000170,8000156,8000141,8000127,
0,0,1,0,0,1,2,2,1,1,1,1,1,0,1,2,1,0,0,1,1,1,0,1,1,1,0,1,1,1,0,0,1,2,1,1,1,1,1,1,1,1,1,1,1,1,1,1,1,1,1,1,1,0,1,1,1,1,2,2,1,1,1,1,1,1,1,1,1,1,0,1,2,1,1,1,1,1,0,1,1,1,0,1,1,2,1,0,1,2,1,0,0,1,1,0,2,1,2,1,
242,232,640,776,308,214,426,799,502,215,246,786,686,244,229,622,781,322,214,408,799,516,216,247,784,698,245,227,609,787,337,214,391,799,532,216,246,782,707,246,224,590,792,352,214,373,799,547,218,246,780,718,246,222,573,794,367,214,355,799,563,219,246,774,727,246,221,556,796,383,214,338,799,578,221,246,744,736,246,219,538,797,399,214,320,798,594,223,245,727,743,246,217,520,797,415,214,302,798,610,
398,394,429,471,422,391,402,474,452,392,398,457,469,400,393,427,471,425,390,402,474,454,392,397,455,469,401,393,424,471,426,389,401,473,455,391,396,452,468,402,391,421,470,427,388,399,472,454,389,393,447,466,400,388,415,467,426,384,394,468,452,383,387,438,459,395,380,403,458,418,373,382,452,439,368,370,418,441,377,358,377,433,394,344,351,416,404,328,326,369,390,324,298,311,364,321,262,262,318,301,
8101537,8101523,8101509,8101494,8101480,8101466,8101452,8101437,8101423,8101409,8101395,8101380,8101366,8101352,8101338,8101323,8101309,8101295,8101281,8101266,8101252,8101238,8101224,8101209,8101195,8101181,8101167,8101152,8101138,8101124,8101110,8101095,8101081,8101067,8101053,8101038,8101024,8101010,8100996,8100981,8100967,8100953,8100939,8100924,8100910,8100896,8100882,8100868,8100853,8100839,8100825,8100811,8100796,8100782,8100768,8100754,8100739,8100725,8100711,8100697,8100682,8100668,8100654,8100640,8100625,8100611,8100597,8100583,8100568,8100554,8100540,8100526,8100511,8100497,8100483,8100469,8100454,8100440,8100426,8100412,8100397,8100383,8100369,8100355,8100340,8100326,8100312,8100298,8100283,8100269,8100255,8100241,8100226,8100212,8100198,8100184,8100169,8100155,8100141,8100126,
1,0,1,2,2,0,0,1,2,1,1,1,1,1,1,0,1,2,0,1,2,1,0,1,0,1,1,0,0,1,2,1,1,1,1,0,0,0,1,1,1,0,2,1,1,0,1,2,1,0,1,1,1,0,0,1,2,1,1,1,1,1,0,1,1,1,0,1,1,2,1,1,1,1,1,1,1,1,1,1,0,2,1,1,0,1,1,1,1,1,1,1,0,0,1,1,1,0,1,1,
749,248,216,504,798,428,214,287,797,624,229,242,698,756,253,215,486,798,446,214,269,794,639,233,239,682,764,265,214,467,798,463,215,256,792,654,237,236,664,769,285,214,449,799,480,215,248,789,669,241,233,644,774,304,214,430,799,497,215,246,786,683,244,230,625,781,320,214,411,799,514,216,247,784,696,245,227,611,787,336,214,392,799,531,217,246,782,707,246,224,592,791,351,214,374,799,546,217,246,781,
470,412,392,410,474,442,391,401,467,465,392,394,438,470,414,391,407,474,444,391,400,465,466,393,394,435,470,416,390,404,473,446,391,398,462,466,393,393,431,469,417,389,401,472,446,389,396,459,464,394,390,426,466,417,385,396,468,444,384,390,449,459,389,382,416,458,410,375,386,457,434,371,375,431,443,373,362,392,436,388,348,357,426,403,335,336,387,398,325,309,332,374,324,276,278,341,313,235,227,266,
8201538,8201523,8201509,8201495,8201481,8201466,8201452,8201438,8201424,8201409,8201395,8201381,8201367,8201352,8201338,8201324,8201310,8201295,8201281,8201267,8201253,8201238,8201224,8201210,8201196,8201181,8201167,8201153,8201139,8201124,8201110,8201096,8201082,8201067,8201053,8201039,8201025,8201010,8200996,8200982,8200968,8200953,8200939,8200925,8200911,8200896,8200882,8200868,8200854,8200839,8200825,8200811,8200797,8200782,8200768,8200754,8200740,8200725,8200711,8200697,8200683,8200668,8200654,8200640,8200626,8200611,8200597,8200583,8200569,8200554,8200540,8200526,8200512,8200498,8200483,8200469,8200455,8200441,8200426,8200412,8200398,8200384,8200369,8200355,8200341,8200327,8200312,8200298,8200284,8200270,8200255,8200241,8200227,8200213,8200198,8200184,8200170,8200156,8200141,8200127,
1,1,1,0,1,1,1,0,1,1,1,0,1,2,1,0,0,1,2,1,1,1,2,1,1,1,1,1,1,0,1,2,1,1,1,1,1,1,1,1,1,0,0,2,2,1,0,1,1,1,0,0,1,1,1,0,1,2,0,0,1,1,1,0,0,2,1,0,0,1,1,1,0,1,1,1,0,0,1,1,0,1,1,1,1,0,1,1,1,1,0,1,1,0,0,2,1,0,1,1,
630,779,316,214,416,799,509,215,247,785,693,245,228,614,785,331,214,397,799,526,214,247,783,704,246,225,597,790,346,214,379,799,542,217,246,781,714,246,223,579,794,363,214,360,799,558,218,246,778,725,246,221,561,795,379,214,342,799,574,220,246,749,733,245,219,543,796,394,214,324,799,590,222,245,732,741,245,218,525,797,410,214,307,798,605,225,245,715,748,247,216,507,798,427,214,289,797,621,229,242,
429,472,424,391,402,474,453,393,398,456,469,401,393,426,472,426,390,402,474,455,392,397,454,469,402,392,422,471,428,389,401,474,456,391,396,450,469,402,391,419,470,429,388,399,474,456,389,393,445,466,402,388,412,467,428,384,394,466,453,384,386,436,458,396,379,402,459,420,373,382,451,441,369,370,418,441,378,358,376,434,398,344,351,415,405,329,327,368,391,326,299,310,366,325,264,264,319,304,219,206,
8301537,8301523,8301509,8301494,8301480,8301466,8301452,8301437,8301423,8301409,8301395,8301380,8301366,8301352,8301338,8301323,8301309,8301295,8301281,8301266,8301252,8301238,8301224,8301209,8301195,8301181,8301167,8301152,8301138,8301124,8301110,8301095,8301081,8301067,8301053,8301038,8301024,8301010,8300996,8300981,8300967,8300953,8300939,8300925,8300910,8300896,8300882,8300868,8300853,8300839,8300825,8300811,8300796,8300782,8300768,8300754,8300739,8300725,8300711,8300697,8300682,8300668,8300654,8300640,8300625,8300611,8300597,8300583,8300568,8300554,8300540,8300526,8300511,8300497,8300483,8300469,8300454,8300440,8300426,8300412,8300397,8300383,8300369,8300355,8300340,8300326,8300312,8300298,8300283,8300269,8300255,8300241,8300226,8300212,8300198,8300184,8300169,8300155,8300141,8300126,
0,1,1,1,0,1,1,1,0,1,1,1,1,0,1,2,0,0,1,1,0,1,1,1,1,0,1,2,1,0,0,1,1,1,1,0,1,1,1,0,1,1,1,1,1,1,1,0,0,1,1,1,0,2,2,1,0,1,1,1,1,0,1,1,0,0,1,1,1,0,1,1,1,1,0,4,2,0,0,1,2,1,0,0,1,1,0,1,1,1,0,0,1,2,1,0,1,1,1,1,
214,410,799,514,216,247,784,696,245,226,611,786,335,214,393,799,529,216,246,782,706,246,224,593,791,350,214,376,799,545,217,246,781,716,245,222,576,794,365,214,357,799,561,219,246,776,726,245,220,558,795,381,214,339,799,577,220,246,746,735,245,219,540,797,397,214,322,798,592,222,245,729,742,246,218,523,797,412,214,305,798,608,225,244,713,749,248,216,505,798,425,214,287,797,622,230,242,699,756,253,
391,402,475,456,392,398,456,469,402,393,425,472,427,390,402,474,456,392,397,453,470,403,393,422,472,429,390,401,474,457,392,396,450,469,403,391,419,471,430,389,400,473,457,390,394,446,467,403,389,414,469,430,386,397,467,455,386,389,439,463,400,383,405,463,425,378,388,456,447,375,377,424,449,388,368,386,445,409,358,365,431,423,347,347,389,414,352,326,340,398,359,302,305,364,352,271,263,296,317,247,
8401537,8401523,8401509,8401494,8401480,8401466,8401452,8401437,8401423,8401409,8401395,8401380,8401366,8401352,8401338,8401323,8401309,8401295,8401281,8401266,8401252,8401238,8401224,8401209,8401195,8401181,8401167,8401152,8401138,8401124,8401110,8401095,8401081,8401067,8401053,8401038,8401024,8401010,8400996,8400981,8400967,8400953,8400939,8400925,8400910,8400896,8400882,8400868,8400853,8400839,8400825,8400811,8400796,8400782,8400768,8400754,8400739,8400725,8400711,8400697,8400682,8400668,8400654,8400640,8400625,8400611,8400597,8400583,8400568,8400554,8400540,8400526,8400511,8400497,8400483,8400469,8400454,8400440,8400426,8400412,8400397,8400383,8400369,8400355,8400340,8400326,8400312,8400298,8400283,8400269,8400255,8400241,8400226,8400212,8400198,8400184,8400169,8400155,8400141,8400126,
1,0,1,1,1,1,1,4,1,1,0,1,2,1,1,1,1,1,1,1,1,0,0,0,2,1,0,0,1,1,1,0,1,2,1,1,0,1,1,0,0,1,1,1,0,1,1,1,0,1,1,2,1,1,1,1,1,1,0,1,1,1,1,1,1,1,1,1,1,1,1,0,1,1,0,1,1,1,1,1,1,1,1,1,0,1,1,1,1,1,2,1,1,0,1,1,0,0,1,2,
480,215,248,789,669,241,233,644,774,304,214,430,799,497,215,246,786,682,244,229,626,780,318,214,412,799,512,215,247,784,695,245,227,613,786,334,214,394,799,529,217,246,782,706,246,225,593,791,349,216,375,799,546,217,246,781,719,246,222,575,794,366,214,357,799,561,219,246,776,726,246,220,557,795,382,214,339,799,578,220,246,745,734,246,219,540,796,397,214,321,798,593,222,246,729,742,246,217,522,797,
449,392,399,461,468,398,394,430,471,422,391,402,474,452,392,398,458,468,399,393,430,471,424,390,402,474,453,392,397,455,468,400,393,424,471,425,389,400,473,454,390,395,451,467,400,390,420,469,425,386,397,470,453,387,391,445,463,397,385,411,464,422,380,390,463,446,378,381,432,453,388,372,395,449,409,362,371,440,426,354,355,401,422,354,336,355,409,367,315,319,382,367,289,283,322,340,269,239,247,294,
8501538,8501523,8501509,8501495,8501481,8501466,8501452,8501438,8501424,8501409,8501395,8501381,8501367,8501352,8501338,8501324,8501310,8501295,8501281,8501267,8501253,8501238,8501224,8501210,8501196,8501181,8501167,8501153,8501139,8501124,8501110,8501096,8501082,8501067,8501053,8501039,8501025,8501010,8500996,8500982,8500968,8500953,8500939,8500925,8500911,8500896,8500882,8500868,8500854,8500839,8500825,8500811,8500797,8500782,8500768,8500754,8500740,8500725,8500711,8500697,8500683,8500668,8500654,8500640,8500626,8500611,8500597,8500583,8500569,8500554,8500540,8500526,8500512,8500498,8500483,8500469,8500455,8500441,8500426,8500412,8500398,8500384,8500369,8500355,8500341,8500327,8500312,8500298,8500284,8500270,8500255,8500241,8500227,8500213,8500198,8500184,8500170,8500156,8500141,8500127,
1,1,1,0,1,1,1,0,1,1,0,0,1,2,1,0,0,1,1,1,0,1,2,1,1,0,1,1,0,0,2,1,0,0,2,2,1,1,1,1,1,0,0,1,1,0,1,2,2,0,1,1,1,1,1,0,1,1,1,0,1,2,1,0,1,1,1,0,0,1,1,1,0,1,1,1,0,1,1,1,1,0,1,1,0,0,1,1,1,2,0,1,1,1,1,2,1,0,0,2,
789,668,241,233,647,774,302,214,432,799,494,217,246,787,681,244,230,628,779,317,214,414,799,511,215,247,784,694,245,227,613,785,333,214,396,799,527,216,246,782,706,246,225,594,791,349,214,377,799,544,217,246,781,716,245,222,577,794,364,214,359,799,559,220,246,777,725,245,220,560,795,380,214,341,799,575,220,246,748,733,245,219,542,797,395,214,324,799,591,222,245,731,742,246,218,524,797,412,214,306,
461,468,397,394,431,471,422,391,402,474,451,392,398,458,468,399,393,428,471,424,390,402,474,453,392,397,455,468,400,393,424,471,425,389,401,473,454,393,395,452,468,400,390,420,469,426,387,398,471,453,389,392,446,464,398,386,413,465,423,381,392,465,448,380,383,434,455,390,375,399,452,412,366,375,445,430,359,361,408,429,362,345,364,418,377,326,332,396,381,304,300,341,359,290,262,272,321,275,213,208,
8601537,8601523,8601509,8601494,8601480,8601466,8601452,8601437,8601423,8601409,8601395,8601380,8601366,8601352,8601338,8601323,8601309,8601295,8601281,8601266,8601252,8601238,8601224,8601209,8601195,8601181,8601167,8601152,8601138,8601124,8601110,8601095,8601081,8601067,8601053,8601038,8601024,8601010,8600996,8600981,8600967,8600953,8600939,8600925,8600910,8600896,8600882,8600868,8600853,8600839,8600825,8600811,8600796,8600782,8600768,8600754,8600739,8600725,8600711,8600697,8600682,8600668,8600654,8600640,8600625,8600611,8600597,8600583,8600568,8600554,8600540,8600526,8600511,8600497,8600483,8600469,8600454,8600440,8600426,8600412,8600397,8600383,8600369,8600355,8600340,8600326,8600312,8600298,8600283,8600269,8600255,8600241,8600226,8600212,8600198,8600184,8600169,8600155,8600141,8600126,
0,1,1,0,0,1,1,1,0,1,1,1,0,1,1,1,1,0,2,1,1,1,0,1,1,0,1,1,1,0,1,1,2,1,0,1,1,0,0,1,1,1,1,1,1,1,1,1,1,0,1,0,1,2,1,0,0,1,2,1,0,1,1,1,1,2,1,1,1,0,2,2,1,0,1,1,0,1,1,1,1,0,1,2,2,0,1,1,1,0,1,0,1,1,1,0,1,2,1,0,
233,647,774,302,214,433,799,494,215,246,787,681,244,230,628,780,317,214,415,799,510,216,249,785,693,245,228,614,785,331,214,397,799,526,216,247,783,704,246,225,596,791,347,214,378,799,542,217,246,781,715,246,222,579,794,362,214,361,799,558,218,246,779,724,246,221,561,795,378,214,345,799,574,220,246,750,733,245,219,545,797,393,214,326,799,589,222,245,734,741,246,218,527,797,409,214,309,798,605,224,
393,431,471,422,391,403,474,451,392,398,458,468,399,393,428,472,424,391,402,474,453,392,398,456,469,401,393,425,471,426,389,401,474,454,391,396,453,468,401,391,421,470,426,388,399,472,454,389,394,448,466,400,388,415,467,425,384,395,468,451,384,387,439,460,395,380,405,459,418,374,383,454,440,369,371,421,442,377,359,379,434,394,345,352,418,405,330,329,372,393,326,301,315,367,324,266,269,324,306,221,
8701537,8701523,8701509,8701495,8701480,8701466,8701452,8701438,8701423,8701409,8701395,8701381,8701366,8701352,8701338,8701324,8701310,8701295,8701281,8701267,8701253,8701238,8701224,8701210,8701196,8701181,8701167,8701153,8701139,8701124,8701110,8701096,8701082,8701067,8701053,8701039,8701025,8701010,8700996,8700982,8700968,8700953,8700939,8700925,8700911,8700896,8700882,8700868,8700854,8700839,8700825,8700811,8700797,8700782,8700768,8700754,8700740,8700725,8700711,8700697,8700683,8700668,8700654,8700640,8700626,8700611,8700597,8700583,8700569,8700554,8700540,8700526,8700512,8700497,8700483,8700469,8700455,8700440,8700426,8700412,8700398,8700383,8700369,8700355,8700341,8700326,8700312,8700298,8700284,8700269,8700255,8700241,8700227,8700212,8700198,8700184,8700170,8700155,8700141,8700127,
0,0,1,2,1,1,1,1,1,0,1,1,1,1,0,1,1,1,0,1,1,1,0,1,1,1,0,0,1,1,1,0,0,1,1,2,0,2,1,1,1,1,1,1,0,1,1,1,0,1,2,1,0,0,1,2,1,1,1,4,1,0,0,1,4,1,0,1,2,0,1,1,1,1,0,0,1,2,1,1,1,1,1,1,0,1,1,0,1,1,1,1,1,1,1,1,0,0,1,1,
396,214,322,799,592,223,245,730,742,246,218,523,797,412,214,305,798,608,225,244,713,749,248,216,505,794,428,214,287,797,624,229,242,698,756,253,215,487,798,446,214,270,794,639,233,239,684,763,264,215,470,798,460,215,260,792,651,237,237,668,768,277,214,454,799,476,215,249,790,666,240,234,649,773,301,214,435,799,492,215,246,787,680,243,230,630,779,316,214,416,799,509,216,247,785,693,245,228,614,785,
437,391,401,471,463,392,396,444,471,411,392,412,474,439,391,401,469,464,392,395,440,470,412,391,409,473,441,390,400,466,464,391,394,437,469,413,390,406,472,442,389,398,463,464,391,391,432,468,413,388,402,470,442,387,394,458,461,388,387,426,462,409,381,393,462,436,378,384,446,451,380,374,410,448,397,365,374,443,417,356,359,417,423,350,341,372,410,358,319,325,391,363,295,293,342,346,268,250,270,303,
8801548,8801534,8801520,8801506,8801491,8801477,8801463,8801449,8801434,8801420,8801406,8801392,8801377,8801361,8801347,8801332,8801318,8801304,8801290,8801275,8801261,8801246,8801232,8801218,8801204,8801189,8801175,8801161,8801147,8801132,8801118,8801104,8801090,8801075,8801061,8801047,8801033,8801018,8801004,8800988,8800973,8800959,8800945,8800931,8800916,8800902,8800888,8800873,8800859,8800845,8800831,8800817,8800802,8800788,8800774,8800759,8800744,8800730,8800716,8800701,8800687,8800673,8800659,8800644,8800630,8800615,8800600,8800586,8800572,8800557,8800543,8800529,8800514,8800500,8800486,8800472,8800457,8800443,8800426,8800412,8800398,8800383,8800369,8800355,8800341,8800326,8800312,8800298,8800284,8800269,8800255,8800241,8800227,8800212,8800198,8800184,8800170,8800155,8800141,8800127,
2,2,0,1,1,2,1,0,0,1,0,0,1,2,1,1,0,1,1,1,0,1,1,1,1,1,1,2,0,1,1,2,1,0,1,1,1,0,1,1,1,0,1,1,2,1,1,1,1,1,0,0,1,1,0,0,1,2,1,0,1,1,1,0,1,1,1,0,1,1,1,1,1,1,1,1,0,0,1,1,0,1,1,1,0,0,2,2,1,1,1,1,1,0,1,1,1,0,1,1,
403,799,521,216,247,784,698,246,226,608,787,338,214,479,798,441,214,275,795,634,232,240,703,753,251,216,493,798,439,214,279,796,630,230,241,691,761,257,215,580,793,361,214,363,798,553,218,246,779,722,246,221,566,795,374,214,403,799,520,216,247,783,700,246,226,650,773,299,214,439,798,470,215,252,790,661,239,235,657,718,245,222,573,794,368,214,355,798,563,219,246,773,727,246,220,555,796,384,214,337,
403,475,456,393,398,456,470,402,394,426,473,428,391,406,474,444,391,400,466,466,393,394,439,470,413,391,408,474,443,390,400,466,465,392,394,437,470,415,390,419,470,426,388,399,472,456,389,393,446,466,402,388,414,467,428,384,395,467,447,384,388,445,459,390,380,417,456,404,373,383,453,426,368,373,435,438,364,359,394,430,361,346,369,418,373,326,334,401,380,305,302,344,361,288,264,278,322,273,215,211,
