$ 1 0.000005 2.008553692318767 50 5 43 5e-11
165 80 128 160 128 14 -1.0696468923968707e-11
R 256 160 288 160 0 0 40 5 0 0 0.5
w 208 160 256 160 0
w 144 96 208 96 0
w 208 96 208 160 0
r 96 80 48 80 0 240
w 144 96 144 80 0
w 144 80 96 80 0
w 48 80 48 160 0
w 48 160 80 160 0
w 80 256 80 224 0
w 80 224 48 224 0
r 48 160 48 224 0 1000
w 48 224 48 368 0
w 176 288 176 368 0
g 176 368 176 416 0 0
c 48 368 96 368 0 0.000001 2.5362127164071886 0.001
c 144 288 144 352 0 1e-8 3.333333333333337 0.001
w 144 352 144 368 0
w 96 368 144 368 0
w 144 368 176 368 0
w 208 192 240 192 0
r 240 192 320 192 0 15000
a 480 208 592 208 9 5 0 1000000 0.000022462810158167352 -0.000002536942750920908 100000
w 320 192 320 80 0
c 400 80 480 80 0 1e-9 -0.00002486954890431254 0.001
w 480 80 592 80 0
w 592 80 592 208 0
r 320 192 400 192 0 15000
w 400 192 400 304 0
c 400 304 400 368 0 1e-9 -0.000002536942750920908 0.001
w 176 368 400 368 0
w 320 80 400 80 0
w 400 192 480 192 0
w 480 224 448 224 0
w 448 224 448 272 0
w 448 272 528 272 0
r 528 272 592 272 0 1000
w 592 208 592 272 0
O 592 208 672 208 0 0
r 448 272 448 320 0 10000
w 448 320 448 368 0
w 400 368 448 368 0
o 39 4 0 4098 10 0.1 0 1
