$ 1 0.000005 9.78399845368213 50 5 43 5e-11
165 80 128 160 128 14 1.922681253298165e-12
R 256 160 288 160 0 0 40 5 0 0 0.5
w 208 160 256 160 0
w 144 96 208 96 0
w 208 96 208 160 0
r 96 80 48 80 0 240
w 144 96 144 80 0
w 144 80 96 80 0
w 48 80 48 160 0
w 48 160 80 160 0
w 80 256 80 224 0
w 80 224 48 224 0
r 48 160 48 224 0 1000
w 48 224 48 368 0
w 176 288 176 368 0
g 176 368 176 416 0 0
c 48 368 96 368 0 0.000001 2.5055870879121604 0.001
c 144 288 144 352 0 1e-8 3.333333333333337 0.001
w 144 352 144 368 0
w 96 368 144 368 0
w 144 368 176 368 0
w 208 192 240 192 0
r 240 192 320 192 0 15000
a 480 208 592 208 9 5 0 1000000 0.000024032230624378213 -9.675050210849173e-7 100000
w 320 192 320 80 0
c 400 80 480 80 0 1e-9 -0.000026406611545335308 0.001
w 480 80 592 80 0
w 592 80 592 208 0
r 320 192 400 192 0 15000
w 400 192 400 304 0
c 400 304 400 368 0 1e-9 -9.675050210849173e-7 0.001
w 176 368 400 368 0
w 320 80 400 80 0
w 400 192 480 192 0
w 480 224 448 224 0
w 448 224 448 272 0
w 448 272 528 272 0
r 528 272 592 272 0 1000
w 592 208 592 272 0
r 448 272 448 320 0 10000
w 448 320 448 368 0
w 400 368 448 368 0
w 592 208 640 208 0
c 640 208 720 208 0 1e-9 0.00034493869546577984 0.001
w 720 208 768 208 0
w 768 208 768 256 0
r 768 256 768 336 0 5
w 768 336 768 368 0
w 768 368 848 368 0
w 768 368 768 432 0
r 768 432 768 480 0 1
g 768 480 768 528 0 0
a 848 384 944 384 9 5 0 1000000 -1.8721334330929474e-9 -0.0000530838736298273 100000
a 1056 400 1152 400 9 5 0 1000000 0.0002820381315549516 -2.8082001496394216e-9 100000
w 848 400 848 464 0
w 848 464 960 464 0
w 944 384 960 384 0
r 960 384 960 464 0 10000
r 960 464 960 512 0 20000
g 960 512 960 544 0 0
w 960 384 1056 384 0
d 1152 400 1200 400 2 default
w 1056 416 1056 448 0
w 1056 448 1200 448 0
w 1200 448 1200 400 0
w 1200 400 1248 400 0
r 1248 400 1248 496 0 1000
g 1248 496 1248 528 0 0
w 1248 400 1312 400 0
c 1312 400 1312 464 0 0.00001 0.0002820381315549516 0.001
g 1312 464 1312 496 0 0
w 1312 400 1328 400 0
O 1328 400 1392 400 0 0
o 72 128 0 4098 0.001220703125 0.1 0 1
