$ 1 0.000005 2.1831051418620846 50 5 43 5e-11
R 240 144 176 144 0 1 1000 1.5 0 0 0.5
a 240 160 368 160 9 5 0 1000000 -0.000015640737057256366 -0.23465169659590263 100000
w 240 176 240 224 0
w 240 224 368 224 0
r 368 160 368 224 0 10000
r 368 224 368 304 0 20000
g 368 304 368 320 0 0
w 368 160 432 160 0
w 432 160 432 304 0
a 480 176 608 176 9 5 0 1000000 2.095044336934887 -0.00002346110558588455 100000
w 432 160 480 160 0
d 608 176 688 176 2 default
w 480 192 480 240 0
w 480 240 688 240 0
w 688 240 688 176 0
w 688 176 720 176 0
r 720 176 720 240 0 1000
g 720 240 720 256 0 0
w 720 176 784 176 0
c 784 176 784 240 0 0.00001 2.095044336934887 0.001
g 784 240 784 256 0 0
O 784 176 832 176 0 0
a 496 320 608 320 9 15 -15 1000000 -0.0001427996546514904 -0.00002346110558588455 100000
w 432 304 496 304 0
d 688 320 608 320 2 default
w 496 336 496 384 0
w 496 384 688 384 0
w 688 384 688 320 0
O 784 320 832 320 0 0
g 784 384 784 400 0 0
c 784 320 784 384 0 0.00001 -0.0001427996546514904 0.001
w 720 320 784 320 0
g 720 384 720 400 0 0
r 720 320 720 384 0 1000
w 688 320 720 320 0
o 21 64 0 4098 5 0.1 0 1
o 28 64 0 4098 0.0006103515625 0.1 1 1
o 0 16 0 4099 5 0.00009765625 2 2 0 3
