$ 1 0.000005 10.20027730826997 50 5 43 5e-11
r 144 128 144 208 0 47000
r 144 208 144 288 0 27000
R 144 128 144 96 0 0 40 5 0 0 0.5
g 144 288 144 320 0 0
w 144 208 208 208 0
a 208 192 320 192 8 5 0 1000000 1.8243310810135145 1.8243243243243246 100000
a 464 208 592 208 8 5 0 1000000 1.5397594461833592 1.4705882352941175 100000
O 320 192 320 240 0 0
w 208 176 208 128 0
w 208 128 320 128 0
w 320 128 320 192 0
w 320 192 352 192 0
r 352 192 416 192 0 4990
w 416 192 464 192 0
w 464 192 464 128 0
w 464 128 496 128 0
r 496 128 560 128 0 27000
w 560 128 592 128 0
w 592 128 592 208 0
O 592 208 656 208 0 0
R 384 256 352 256 0 0 40 5 0 0 0.5
r 384 256 432 256 0 24000
r 432 256 432 336 0 10000
g 432 336 432 384 0 0
w 432 256 464 224 0
o 7 64 0 4098 10 0.1 0 1
o 19 64 0 4098 0.0000762939453125 0.1 1 1
